<?xml version="1.0" encoding="utf-8"?>
<COLLADA xmlns="http://www.collada.org/2005/11/COLLADASchema" version="1.4.1">
  <asset><contributor><author>Mixamo</author><authoring_tool>COLLADA Mixamo exporter</authoring_tool><comments></comments></contributor><created>2019-12-14T22:06:16Z</created><modified>2019-12-14T22:06:16Z</modified><revision></revision><title></title><unit meter="0.010000"/><up_axis>Y_UP</up_axis></asset>
  <library_animations>
    <animation id="mixamorig_Hips-anim" name="mixamorig_Hips"><source id="mixamorig_Hips-Matrix-animation-input"><float_array id="mixamorig_Hips-Matrix-animation-input-array" count="248">

0.000000 0.033333 0.066667 0.100000 0.133333 0.166667 0.200000 0.233333 0.266667 0.300000 0.333333 0.366667 0.400000 0.433333 0.466667 0.500000
0.533333 0.566667 0.600000 0.633333 0.666667 0.700000 0.733333 0.766667 0.800000 0.833333 0.866667 0.900000 0.933333 0.966667 1.000000 1.033333
1.066667 1.100000 1.133333 1.166667 1.200000 1.233333 1.266667 1.300000 1.333333 1.366667 1.400000 1.433333 1.466667 1.500000 1.533333 1.566667
1.600000 1.633333 1.666667 1.700000 1.733333 1.766667 1.800000 1.833333 1.866667 1.900000 1.933333 1.966667 2.000000 2.033333 2.066667 2.100000
2.133333 2.166667 2.200000 2.233333 2.266667 2.300000 2.333333 2.366667 2.400000 2.433333 2.466667 2.500000 2.533333 2.566667 2.600000 2.633333
2.666667 2.700000 2.733333 2.766667 2.800000 2.833333 2.866667 2.900000 2.933333 2.966667 3.000000 3.033333 3.066667 3.100000 3.133333 3.166667
3.200000 3.233333 3.266667 3.300000 3.333333 3.366667 3.400000 3.433333 3.466667 3.500000 3.533333 3.566667 3.600000 3.633333 3.666667 3.700000
3.733333 3.766667 3.800000 3.833333 3.866667 3.900000 3.933333 3.966667 4.000000 4.033333 4.066667 4.100000 4.133333 4.166667 4.200000 4.233333
4.266667 4.300000 4.333333 4.366667 4.400000 4.433333 4.466667 4.500000 4.533333 4.566667 4.600000 4.633333 4.666667 4.700000 4.733333 4.766667
4.800000 4.833333 4.866667 4.900000 4.933333 4.966667 5.000000 5.033333 5.066667 5.100000 5.133333 5.166667 5.200000 5.233333 5.266667 5.300000
5.333333 5.366667 5.400000 5.433333 5.466667 5.500000 5.533333 5.566667 5.600000 5.633333 5.666667 5.700000 5.733333 5.766667 5.800000 5.833333
5.866667 5.900000 5.933333 5.966667 6.000000 6.033333 6.066667 6.100000 6.133333 6.166667 6.200000 6.233333 6.266667 6.300000 6.333333 6.366667
6.400000 6.433333 6.466667 6.500000 6.533333 6.566667 6.600000 6.633333 6.666667 6.700000 6.733333 6.766667 6.800000 6.833333 6.866667 6.900000
6.933333 6.966667 7.000000 7.033333 7.066667 7.100000 7.133333 7.166667 7.200000 7.233333 7.266667 7.300000 7.333333 7.366667 7.400000 7.433333
7.466667 7.500000 7.533333 7.566667 7.600000 7.633333 7.666667 7.700000 7.733333 7.766667 7.800000 7.833333 7.866667 7.900000 7.933333 7.966667
8.000000 8.033333 8.066667 8.100000 8.133333 8.166667 8.200000 8.233333</float_array><technique_common><accessor source="#mixamorig_Hips-Matrix-animation-input-array" count="248"><param name="TIME" type="float"/></accessor></technique_common></source><source id="mixamorig_Hips-Matrix-animation-output-transform"><float_array id="mixamorig_Hips-Matrix-animation-output-transform-array" count="3968">

0.974248 -0.015896 -0.224919 0.001949 0.049715 0.988107 0.145510 0.509890 0.219931 -0.152944 0.963451 -0.002241 0.000000 0.000000 0.000000 1.000000
0.975338 0.006048 -0.220632 0.003147 0.035688 0.982149 0.184689 0.503533 0.217810 -0.188008 0.957712 -0.004907 0.000000 0.000000 0.000000 1.000000
0.974156 0.032309 -0.223553 0.005231 0.022150 0.971283 0.236895 0.498111 0.224787 -0.235725 0.945465 -0.008398 0.000000 0.000000 0.000000 1.000000
0.968106 0.063733 -0.242300 0.008253 0.011116 0.955225 0.295671 0.493584 0.250295 -0.288934 0.924051 -0.012828 0.000000 0.000000 0.000000 1.000000
0.955826 0.095691 -0.277919 0.012176 0.005542 0.939488 0.342538 0.490633 0.293879 -0.328947 0.897457 -0.017772 0.000000 0.000000 0.000000 1.000000
0.938899 0.121196 -0.322150 0.016422 0.004310 0.931744 0.363091 0.489241 0.344167 -0.342294 0.874290 -0.022218 0.000000 0.000000 0.000000 1.000000
0.921101 0.137933 -0.364072 0.020705 0.000417 0.934787 0.355209 0.489523 0.389324 -0.327335 0.860975 -0.025254 0.000000 0.000000 0.000000 1.000000
0.906860 0.146827 -0.395028 0.024265 -0.011368 0.945527 0.325345 0.492239 0.421279 -0.290551 0.859130 -0.026536 0.000000 0.000000 0.000000 1.000000
0.894534 0.151110 -0.420683 0.026741 -0.027714 0.958065 0.285208 0.497137 0.446139 -0.243470 0.861210 -0.026844 0.000000 0.000000 0.000000 1.000000
0.884471 0.149062 -0.442144 0.027781 -0.042401 0.969354 0.241982 0.502484 0.464664 -0.195279 0.863686 -0.026343 0.000000 0.000000 0.000000 1.000000
0.879342 0.139871 -0.455185 0.027281 -0.052011 0.978381 0.200164 0.506762 0.473342 -0.152339 0.867606 -0.025234 0.000000 0.000000 0.000000 1.000000
0.880195 0.129837 -0.456508 0.025463 -0.060163 0.984618 0.164039 0.509832 0.470784 -0.116921 0.874467 -0.024042 0.000000 0.000000 0.000000 1.000000
0.884386 0.128794 -0.448635 0.022525 -0.073490 0.987610 0.138654 0.512347 0.460935 -0.089654 0.882894 -0.023114 0.000000 0.000000 0.000000 1.000000
0.888188 0.137458 -0.438437 0.018638 -0.089871 0.987744 0.127614 0.513616 0.450605 -0.073942 0.889656 -0.022165 0.000000 0.000000 0.000000 1.000000
0.891252 0.142772 -0.430448 0.014210 -0.095208 0.986905 0.130208 0.514234 0.443401 -0.075066 0.893174 -0.020618 0.000000 0.000000 0.000000 1.000000
0.896652 0.131812 -0.422659 0.009785 -0.077781 0.986704 0.142710 0.514226 0.435850 -0.095086 0.894982 -0.018141 0.000000 0.000000 0.000000 1.000000
0.906389 0.105925 -0.408948 0.005447 -0.041792 0.985788 0.162710 0.512247 0.420371 -0.130388 0.897935 -0.014689 0.000000 0.000000 0.000000 1.000000
0.919723 0.079382 -0.384458 0.000829 -0.004142 0.981250 0.192697 0.508104 0.392546 -0.175636 0.902807 -0.010669 0.000000 0.000000 0.000000 1.000000
0.934495 0.066546 -0.349701 -0.004742 0.020258 0.970838 0.238880 0.502584 0.355399 -0.230316 0.905895 -0.006810 0.000000 0.000000 0.000000 1.000000
0.947878 0.073414 -0.310060 -0.010762 0.024432 0.953485 0.300450 0.497324 0.317695 -0.292365 0.901994 -0.004091 0.000000 0.000000 0.000000 1.000000
0.957959 0.089445 -0.272605 -0.016856 0.015033 0.933207 0.359024 0.493379 0.286509 -0.348028 0.892630 -0.003028 0.000000 0.000000 0.000000 1.000000
0.965273 0.097783 -0.242254 -0.022879 0.004308 0.921224 0.389009 0.491700 0.261209 -0.376543 0.888811 -0.003446 0.000000 0.000000 0.000000 1.000000
0.971691 0.089988 -0.218445 -0.028400 -0.000378 0.925210 0.379456 0.492743 0.236254 -0.368631 0.899052 -0.005106 0.000000 0.000000 0.000000 1.000000
0.977803 0.069294 -0.197735 -0.032633 0.001816 0.940892 0.338702 0.496320 0.209518 -0.331543 0.919881 -0.008031 0.000000 0.000000 0.000000 1.000000
0.982765 0.042644 -0.179876 -0.035070 0.009862 0.959550 0.281365 0.501508 0.184598 -0.278290 0.942591 -0.011921 0.000000 0.000000 0.000000 1.000000
0.985861 0.014818 -0.166911 -0.036075 0.022182 0.975776 0.217643 0.507259 0.166093 -0.218268 0.961651 -0.016013 0.000000 0.000000 0.000000 1.000000
0.987164 -0.010548 -0.159364 -0.036257 0.035488 0.987359 0.154474 0.512640 0.155720 -0.158146 0.975060 -0.019491 0.000000 0.000000 0.000000 1.000000
0.987232 -0.030881 -0.156264 -0.036018 0.046854 0.993925 0.099590 0.517449 0.152239 -0.105640 0.982682 -0.021899 0.000000 0.000000 0.000000 1.000000
0.986712 -0.045033 -0.156113 -0.035285 0.055030 0.996661 0.060319 0.521530 0.152875 -0.068109 0.985896 -0.023060 0.000000 0.000000 0.000000 1.000000
0.985994 -0.053092 -0.158103 -0.033839 0.059999 0.997427 0.039237 0.524496 0.155613 -0.048173 0.986643 -0.022807 0.000000 0.000000 0.000000 1.000000
0.984994 -0.055206 -0.163521 -0.031591 0.061427 0.997558 0.033231 0.526062 0.161287 -0.042777 0.985980 -0.020849 0.000000 0.000000 0.000000 1.000000
0.983292 -0.050268 -0.174954 -0.028544 0.057924 0.997562 0.038927 0.526275 0.172571 -0.048410 0.983807 -0.016925 0.000000 0.000000 0.000000 1.000000
0.980539 -0.036471 -0.192907 -0.024804 0.048728 0.997058 0.059176 0.525506 0.190181 -0.067425 0.979431 -0.011061 0.000000 0.000000 0.000000 1.000000
0.976958 -0.013622 -0.212995 -0.020697 0.035905 0.994228 0.101104 0.524225 0.210388 -0.106422 0.971808 -0.003727 0.000000 0.000000 0.000000 1.000000
0.973635 0.015527 -0.227584 -0.016708 0.022998 0.985916 0.165652 0.522515 0.226951 -0.166518 0.959565 0.004210 0.000000 0.000000 0.000000 1.000000
0.971654 0.045105 -0.232064 -0.013435 0.012253 0.970703 0.239971 0.519890 0.236089 -0.236013 0.942635 0.011667 0.000000 0.000000 0.000000 1.000000
0.971251 0.067910 -0.228167 -0.010614 0.004571 0.952951 0.303090 0.517181 0.238015 -0.295419 0.925244 0.017202 0.000000 0.000000 0.000000 1.000000
0.972345 0.077663 -0.220256 -0.006851 0.001608 0.940842 0.338843 0.516315 0.233542 -0.329826 0.914698 0.019741 0.000000 0.000000 0.000000 1.000000
0.974619 0.070746 -0.212397 -0.001985 0.006021 0.940126 0.340773 0.517429 0.223789 -0.333403 0.915839 0.018862 0.000000 0.000000 0.000000 1.000000
0.976763 0.052342 -0.207831 0.002749 0.014879 0.950819 0.309390 0.520319 0.213803 -0.305293 0.927946 0.015182 0.000000 0.000000 0.000000 1.000000
0.977336 0.032973 -0.209112 0.006201 0.020918 0.967920 0.250385 0.524463 0.210659 -0.249085 0.945293 0.009929 0.000000 0.000000 0.000000 1.000000
0.975910 0.017893 -0.217437 0.008299 0.020679 0.984558 0.173835 0.528627 0.217189 -0.174144 0.960470 0.004347 0.000000 0.000000 0.000000 1.000000
0.973060 0.006146 -0.230472 0.009714 0.016030 0.995422 0.094220 0.532065 0.229996 -0.095376 0.968507 -0.000837 0.000000 0.000000 0.000000 1.000000
0.969933 -0.003070 -0.243352 0.010837 0.010384 0.999532 0.028776 0.533624 0.243150 -0.030438 0.969511 -0.005394 0.000000 0.000000 0.000000 1.000000
0.967357 -0.008735 -0.253266 0.011343 0.006319 0.999926 -0.010351 0.533648 0.253338 0.008413 0.967341 -0.009127 0.000000 0.000000 0.000000 1.000000
0.965075 -0.010946 -0.261743 0.010807 0.005012 0.999715 -0.023329 0.532824 0.261924 0.021202 0.964855 -0.011746 0.000000 0.000000 0.000000 1.000000
0.962248 -0.011693 -0.271922 0.009241 0.006696 0.999791 -0.019298 0.531693 0.272091 0.016749 0.962126 -0.012967 0.000000 0.000000 0.000000 1.000000
0.958740 -0.013916 -0.283945 0.006979 0.012528 0.999899 -0.006703 0.530847 0.284009 0.002869 0.958817 -0.012541 0.000000 0.000000 0.000000 1.000000
0.955845 -0.021031 -0.293119 0.004218 0.025998 0.999577 0.013060 0.530202 0.292720 -0.020104 0.955987 -0.010428 0.000000 0.000000 0.000000 1.000000
0.955230 -0.032391 -0.294085 0.001048 0.048046 0.997778 0.046164 0.528782 0.291936 -0.058226 0.954664 -0.007098 0.000000 0.000000 0.000000 1.000000
0.957464 -0.039245 -0.285873 -0.002235 0.070919 0.992325 0.101300 0.524875 0.279703 -0.117264 0.952898 -0.003387 0.000000 0.000000 0.000000 1.000000
0.962265 -0.030733 -0.270374 -0.005682 0.081715 0.980379 0.179388 0.520584 0.259556 -0.194713 0.945895 -0.000067 0.000000 0.000000 0.000000 1.000000
0.968306 -0.009329 -0.249593 -0.009550 0.077316 0.961415 0.264015 0.516961 0.237499 -0.274945 0.931665 0.002268 0.000000 0.000000 0.000000 1.000000
0.973690 0.009947 -0.227661 -0.014002 0.067004 0.942387 0.327747 0.514885 0.217805 -0.334378 0.916926 0.003390 0.000000 0.000000 0.000000 1.000000
0.977504 0.016026 -0.210306 -0.018671 0.060243 0.934357 0.351210 0.514545 0.202130 -0.355979 0.912372 0.003205 0.000000 0.000000 0.000000 1.000000
0.979732 0.009819 -0.200070 -0.022962 0.058406 0.941394 0.332213 0.516147 0.191606 -0.337165 0.921741 0.001562 0.000000 0.000000 0.000000 1.000000
0.980752 -0.003417 -0.195225 -0.026108 0.059413 0.957658 0.281711 0.519430 0.185997 -0.287888 0.939428 -0.001563 0.000000 0.000000 0.000000 1.000000
0.981273 -0.020258 -0.191553 -0.027908 0.061955 0.974805 0.214284 0.523391 0.182386 -0.222139 0.957805 -0.005823 0.000000 0.000000 0.000000 1.000000
0.981949 -0.038240 -0.185239 -0.028806 0.064978 0.987946 0.140498 0.526729 0.177633 -0.149999 0.972598 -0.010700 0.000000 0.000000 0.000000 1.000000
0.982733 -0.054322 -0.176876 -0.029290 0.067235 0.995428 0.067848 0.528715 0.172382 -0.078569 0.981892 -0.015757 0.000000 0.000000 0.000000 1.000000
0.982898 -0.066200 -0.171841 -0.029498 0.068131 0.997662 0.005354 0.529410 0.171085 -0.016970 0.985110 -0.020558 0.000000 0.000000 0.000000 1.000000
0.981894 -0.073546 -0.174572 -0.029314 0.068026 0.996982 -0.037404 0.529326 0.176796 0.024852 0.983934 -0.024524 0.000000 0.000000 0.000000 1.000000
0.980026 -0.075646 -0.183921 -0.028560 0.066535 0.996255 -0.055222 0.528924 0.187410 0.041882 0.981389 -0.026942 0.000000 0.000000 0.000000 1.000000
0.978245 -0.069449 -0.195482 -0.027120 0.061322 0.996995 -0.047327 0.528427 0.198182 0.034310 0.979565 -0.027106 0.000000 0.000000 0.000000 1.000000
0.977422 -0.051453 -0.204935 -0.025026 0.049787 0.998672 -0.013283 0.527809 0.205346 0.002780 0.978685 -0.024635 0.000000 0.000000 0.000000 1.000000
0.977590 -0.021451 -0.209421 -0.022520 0.032011 0.998374 0.047167 0.526684 0.208069 -0.052814 0.976687 -0.019925 0.000000 0.000000 0.000000 1.000000
0.977491 0.014545 -0.210476 -0.019977 0.013106 0.991508 0.129382 0.524380 0.210571 -0.129228 0.969000 -0.014111 0.000000 0.000000 0.000000 1.000000
0.975253 0.046499 -0.216148 -0.017841 0.002233 0.975512 0.219933 0.521043 0.221082 -0.214973 0.951267 -0.008294 0.000000 0.000000 0.000000 1.000000
0.969589 0.068505 -0.234955 -0.015845 0.004729 0.954602 0.297846 0.517162 0.244693 -0.289899 0.925248 -0.003087 0.000000 0.000000 0.000000 1.000000
0.961157 0.077851 -0.264795 -0.013030 0.018450 0.939125 0.343079 0.515228 0.275385 -0.334638 0.901210 0.000941 0.000000 0.000000 0.000000 1.000000
0.953026 0.071968 -0.294214 -0.008685 0.035651 0.937957 0.344914 0.516641 0.300783 -0.339201 0.891332 0.002742 0.000000 0.000000 0.000000 1.000000
0.947296 0.052906 -0.315960 -0.003353 0.048080 0.951618 0.303498 0.520182 0.316730 -0.302694 0.898921 0.001371 0.000000 0.000000 0.000000 1.000000
0.942328 0.027515 -0.333557 0.001871 0.052569 0.972077 0.228699 0.524674 0.330536 -0.233044 0.914569 -0.002889 0.000000 0.000000 0.000000 1.000000
0.935640 -0.000382 -0.352955 0.006229 0.051784 0.989327 0.136204 0.528542 0.349136 -0.145715 0.925674 -0.008660 0.000000 0.000000 0.000000 1.000000
0.927501 -0.029498 -0.372656 0.009504 0.048811 0.997904 0.042495 0.530873 0.370621 -0.057604 0.926996 -0.014463 0.000000 0.000000 0.000000 1.000000
0.920683 -0.054601 -0.386472 0.011875 0.044174 0.998382 -0.035818 0.530958 0.387803 0.015905 0.921605 -0.019228 0.000000 0.000000 0.000000 1.000000
0.917765 -0.068557 -0.391162 0.013475 0.038376 0.995687 -0.084471 0.529935 0.395266 0.062513 0.916437 -0.022296 0.000000 0.000000 0.000000 1.000000
0.919141 -0.069580 -0.387735 0.014370 0.033602 0.994538 -0.098817 0.529289 0.392493 0.077798 0.916459 -0.023405 0.000000 0.000000 0.000000 1.000000
0.923390 -0.062652 -0.378716 0.014511 0.032408 0.995792 -0.085718 0.529189 0.382492 0.066878 0.921535 -0.022543 0.000000 0.000000 0.000000 1.000000
0.928976 -0.054585 -0.366094 0.013840 0.036271 0.997731 -0.056725 0.529469 0.368360 0.039417 0.928847 -0.019875 0.000000 0.000000 0.000000 1.000000
0.935354 -0.048528 -0.350367 0.012511 0.045454 0.998822 -0.016997 0.529686 0.350779 -0.000027 0.936458 -0.015794 0.000000 0.000000 0.000000 1.000000
0.942356 -0.043042 -0.331832 0.011104 0.059523 0.997439 0.039659 0.527083 0.329275 -0.057125 0.942504 -0.010996 0.000000 0.000000 0.000000 1.000000
0.948968 -0.036774 -0.313220 0.009887 0.077641 0.989852 0.119015 0.521764 0.305665 -0.137260 0.942194 -0.006402 0.000000 0.000000 0.000000 1.000000
0.954225 -0.030939 -0.297487 0.008687 0.096878 0.972986 0.209554 0.515600 0.282967 -0.228781 0.931444 -0.002699 0.000000 0.000000 0.000000 1.000000
0.959177 -0.028201 -0.281398 0.007066 0.111741 0.951845 0.285491 0.510643 0.259797 -0.305280 0.916138 -0.000193 0.000000 0.000000 0.000000 1.000000
0.966093 -0.032263 -0.256170 0.004601 0.117664 0.938161 0.325591 0.508894 0.229824 -0.344693 0.910147 0.001000 0.000000 0.000000 0.000000 1.000000
0.975071 -0.045354 -0.217207 0.001356 0.115322 0.939880 0.321444 0.511156 0.189570 -0.338480 0.921680 0.000688 0.000000 0.000000 0.000000 1.000000
0.983580 -0.063542 -0.168916 -0.002262 0.109104 0.954921 0.276085 0.516798 0.143758 -0.289981 0.946174 -0.001277 0.000000 0.000000 0.000000 1.000000
0.989709 -0.078577 -0.119591 -0.005837 0.101891 0.973777 0.203413 0.523575 0.100472 -0.213505 0.971762 -0.004693 0.000000 0.000000 0.000000 1.000000
0.993520 -0.084206 -0.076341 -0.009251 0.093138 0.988128 0.122180 0.528981 0.065146 -0.128499 0.989568 -0.008996 0.000000 0.000000 0.000000 1.000000
0.995781 -0.080062 -0.044836 -0.012483 0.082177 0.995485 0.047496 0.531928 0.040831 -0.050980 0.997865 -0.013466 0.000000 0.000000 0.000000 1.000000
0.997057 -0.071008 -0.028897 -0.015301 0.070743 0.997444 -0.010074 0.532883 0.029538 0.008000 0.999532 -0.017339 0.000000 0.000000 0.000000 1.000000
0.997649 -0.062510 -0.028098 -0.017209 0.061259 0.997180 -0.043361 0.531787 0.030729 0.041538 0.998664 -0.019838 0.000000 0.000000 0.000000 1.000000
0.997705 -0.056763 -0.036919 -0.018380 0.054843 0.997187 -0.051097 0.530855 0.039716 0.048955 0.998011 -0.020582 0.000000 0.000000 0.000000 1.000000
0.997418 -0.053287 -0.048134 -0.019068 0.051490 0.997957 -0.037834 0.530628 0.050052 0.035258 0.998124 -0.019548 0.000000 0.000000 0.000000 1.000000
0.996945 -0.051461 -0.058764 -0.019383 0.051060 0.998661 -0.008293 0.531013 0.059112 0.005267 0.998237 -0.017056 0.000000 0.000000 0.000000 1.000000
0.996100 -0.050831 -0.072122 -0.018840 0.053681 0.997830 0.038137 0.529271 0.070027 -0.041860 0.996666 -0.013622 0.000000 0.000000 0.000000 1.000000
0.994496 -0.050005 -0.092067 -0.017540 0.059527 0.992818 0.103770 0.524816 0.086216 -0.108679 0.990331 -0.009992 0.000000 0.000000 0.000000 1.000000
0.992059 -0.046730 -0.116767 -0.016061 0.067514 0.981173 0.180944 0.518831 0.106113 -0.187390 0.976537 -0.006702 0.000000 0.000000 0.000000 1.000000
0.989097 -0.040097 -0.141700 -0.014556 0.074987 0.965265 0.250282 0.512671 0.126743 -0.258179 0.957747 -0.003917 0.000000 0.000000 0.000000 1.000000
0.985498 -0.031635 -0.166710 -0.012671 0.080388 0.952262 0.294507 0.508181 0.149435 -0.303638 0.940996 -0.001600 0.000000 0.000000 0.000000 1.000000
0.980438 -0.023317 -0.195442 -0.010045 0.083756 0.947997 0.307060 0.506905 0.178118 -0.317423 0.931406 0.000259 0.000000 0.000000 0.000000 1.000000
0.973253 -0.015598 -0.229207 -0.006791 0.083060 0.954094 0.287760 0.509648 0.214196 -0.299102 0.929870 0.001509 0.000000 0.000000 0.000000 1.000000
0.964219 -0.008840 -0.264960 -0.003408 0.074445 0.968259 0.238606 0.515945 0.254441 -0.249794 0.934271 0.002012 0.000000 0.000000 0.000000 1.000000
0.954166 -0.005792 -0.299221 -0.000281 0.058138 0.984353 0.166341 0.523519 0.293576 -0.176113 0.939573 0.001970 0.000000 0.000000 0.000000 1.000000
0.943610 -0.009670 -0.330918 0.002531 0.039909 0.995606 0.084708 0.529561 0.328645 -0.093138 0.939850 0.001781 0.000000 0.000000 0.000000 1.000000
0.932417 -0.020209 -0.360818 0.004958 0.026019 0.999598 0.011250 0.532750 0.360445 -0.019877 0.932569 0.001725 0.000000 0.000000 0.000000 1.000000
0.920208 -0.033003 -0.390037 0.006923 0.019378 0.999058 -0.038818 0.532572 0.390951 0.028162 0.919981 0.001958 0.000000 0.000000 0.000000 1.000000
0.907208 -0.042417 -0.418538 0.008424 0.018911 0.998010 -0.060152 0.531087 0.420257 0.046655 0.906205 0.002664 0.000000 0.000000 0.000000 1.000000
0.894388 -0.044954 -0.445026 0.009435 0.020334 0.997995 -0.059946 0.530050 0.446829 0.044566 0.893509 0.003935 0.000000 0.000000 0.000000 1.000000
0.882853 -0.040620 -0.467890 0.009990 0.019875 0.998592 -0.049190 0.529751 0.469230 0.034128 0.882417 0.005684 0.000000 0.000000 0.000000 1.000000
0.873689 -0.030977 -0.485498 0.009984 0.017750 0.999336 -0.031821 0.529964 0.486161 0.019184 0.873659 0.007661 0.000000 0.000000 0.000000 1.000000
0.867936 -0.015698 -0.496428 0.009394 0.016298 0.999862 -0.003122 0.530176 0.496409 -0.005381 0.868072 0.009469 0.000000 0.000000 0.000000 1.000000
0.865350 0.007884 -0.501106 0.008751 0.015955 0.998936 0.043270 0.527723 0.500914 -0.045439 0.864303 0.010652 0.000000 0.000000 0.000000 1.000000
0.863917 0.040293 -0.502019 0.008166 0.015227 0.994249 0.106004 0.522185 0.503404 -0.099223 0.858335 0.011339 0.000000 0.000000 0.000000 1.000000
0.861918 0.075523 -0.501391 0.007652 0.013433 0.985097 0.171475 0.516222 0.506869 -0.154532 0.848058 0.012054 0.000000 0.000000 0.000000 1.000000
0.859649 0.103067 -0.500381 0.007040 0.011339 0.975348 0.220380 0.512036 0.510760 -0.195123 0.837288 0.012988 0.000000 0.000000 0.000000 1.000000
0.859340 0.114266 -0.498475 0.006099 0.009829 0.970849 0.239492 0.511159 0.511310 -0.210705 0.833166 0.013976 0.000000 0.000000 0.000000 1.000000
0.863745 0.105570 -0.492747 0.004807 0.009368 0.974277 0.225159 0.513994 0.503842 -0.199096 0.840538 0.014754 0.000000 0.000000 0.000000 1.000000
0.874138 0.078295 -0.479325 0.003443 0.011110 0.983439 0.180901 0.519388 0.485550 -0.163458 0.858791 0.015104 0.000000 0.000000 0.000000 1.000000
0.888635 0.039453 -0.456914 0.002310 0.016586 0.992876 0.117990 0.525034 0.458314 -0.112429 0.881651 0.014992 0.000000 0.000000 0.000000 1.000000
0.902864 0.000090 -0.429925 0.001392 0.025344 0.998250 0.053435 0.529019 0.429178 -0.059140 0.901282 0.014598 0.000000 0.000000 0.000000 1.000000
0.913302 -0.030140 -0.406167 0.000457 0.034006 0.999419 0.002302 0.530940 0.405861 -0.015914 0.913796 0.014208 0.000000 0.000000 0.000000 1.000000
0.919459 -0.046147 -0.390468 -0.000599 0.038176 0.998874 -0.028156 0.531433 0.391328 0.010982 0.920186 0.014057 0.000000 0.000000 0.000000 1.000000
0.922762 -0.047740 -0.382403 -0.001746 0.035625 0.998615 -0.038705 0.530913 0.383721 0.022093 0.923185 0.014179 0.000000 0.000000 0.000000 1.000000
0.924030 -0.038783 -0.380349 -0.003186 0.027765 0.999022 -0.034413 0.530756 0.381312 0.021238 0.924203 0.014475 0.000000 0.000000 0.000000 1.000000
0.922397 -0.023402 -0.385533 -0.004898 0.017198 0.999661 -0.019535 0.530813 0.385859 0.011389 0.922487 0.014650 0.000000 0.000000 0.000000 1.000000
0.916449 -0.001279 -0.400150 -0.006338 0.004391 0.999967 0.006861 0.528704 0.400128 -0.008045 0.916424 0.014358 0.000000 0.000000 0.000000 1.000000
0.906080 0.030854 -0.421980 -0.007242 -0.010922 0.998711 0.049572 0.524232 0.422966 -0.040308 0.905249 0.013677 0.000000 0.000000 0.000000 1.000000
0.893895 0.071755 -0.442497 -0.007667 -0.026547 0.993847 0.107534 0.518216 0.447490 -0.084377 0.890299 0.012975 0.000000 0.000000 0.000000 1.000000
0.885031 0.110511 -0.452225 -0.007807 -0.038295 0.985405 0.165861 0.512159 0.463955 -0.129474 0.876346 0.012570 0.000000 0.000000 0.000000 1.000000
0.884922 0.131909 -0.446669 -0.007539 -0.042810 0.978031 0.204015 0.508609 0.463768 -0.161416 0.871128 0.012561 0.000000 0.000000 0.000000 1.000000
0.896380 0.127371 -0.424593 -0.006702 -0.038635 0.976634 0.211410 0.509080 0.441600 -0.173099 0.880356 0.012875 0.000000 0.000000 0.000000 1.000000
0.917215 0.098435 -0.386041 -0.005435 -0.025388 0.981467 0.189941 0.513076 0.397583 -0.164416 0.902715 0.013296 0.000000 0.000000 0.000000 1.000000
0.940860 0.053340 -0.334569 -0.003863 -0.003870 0.989156 0.146817 0.519418 0.338773 -0.136839 0.930864 0.013539 0.000000 0.000000 0.000000 1.000000
0.961169 0.004129 -0.275930 -0.002055 0.022197 0.995492 0.092217 0.525772 0.275067 -0.094760 0.956744 0.013463 0.000000 0.000000 0.000000 1.000000
0.975888 -0.036560 -0.215190 -0.000132 0.046168 0.998141 0.039793 0.530337 0.213335 -0.048768 0.975761 0.013198 0.000000 0.000000 0.000000 1.000000
0.985687 -0.061056 -0.157141 0.001718 0.062347 0.998049 0.003295 0.532828 0.156633 -0.013045 0.987571 0.012979 0.000000 0.000000 0.000000 1.000000
0.991879 -0.070828 -0.105635 0.003417 0.070094 0.997484 -0.010648 0.533619 0.106123 0.003157 0.994348 0.012999 0.000000 0.000000 0.000000 1.000000
0.995356 -0.074116 -0.061420 0.005115 0.073870 0.997248 -0.006275 0.532937 0.061716 0.001709 0.998092 0.013438 0.000000 0.000000 0.000000 1.000000
0.996489 -0.080190 -0.024076 0.006585 0.080366 0.996745 0.006417 0.532521 0.023483 -0.008329 0.999690 0.014342 0.000000 0.000000 0.000000 1.000000
0.995388 -0.095790 0.005141 0.007925 0.095667 0.995206 0.020310 0.531881 -0.007062 -0.019725 0.999781 0.015448 0.000000 0.000000 0.000000 1.000000
0.992102 -0.123022 0.024462 0.009138 0.122115 0.991876 0.035627 0.530189 -0.028646 -0.032358 0.999066 0.016382 0.000000 0.000000 0.000000 1.000000
0.986846 -0.158086 0.033816 0.009939 0.156049 0.986149 0.056198 0.526282 -0.042232 -0.050181 0.997847 0.016959 0.000000 0.000000 0.000000 1.000000
0.980856 -0.191651 0.034516 0.009820 0.188395 0.978759 0.080857 0.521662 -0.049280 -0.072806 0.996128 0.017223 0.000000 0.000000 0.000000 1.000000
0.976870 -0.212128 0.026970 0.008678 0.208406 0.972705 0.102042 0.518481 -0.047879 -0.094061 0.994414 0.017341 0.000000 0.000000 0.000000 1.000000
0.977474 -0.210768 0.010984 0.006502 0.208229 0.971571 0.112653 0.518144 -0.034416 -0.107828 0.993574 0.017562 0.000000 0.000000 0.000000 1.000000
0.982512 -0.185925 -0.010068 0.003428 0.185897 0.976419 0.109764 0.520693 -0.010577 -0.109716 0.993907 0.018052 0.000000 0.000000 0.000000 1.000000
0.988876 -0.145756 -0.029653 -0.000257 0.147937 0.984489 0.094318 0.524774 0.015446 -0.097656 0.995100 0.018702 0.000000 0.000000 0.000000 1.000000
0.993481 -0.104985 -0.044418 -0.004222 0.108035 0.991466 0.072970 0.528523 0.036378 -0.077293 0.996345 0.019237 0.000000 0.000000 0.000000 1.000000
0.995562 -0.075339 -0.056387 -0.008042 0.078533 0.995295 0.056743 0.530800 0.051846 -0.060920 0.996795 0.019467 0.000000 0.000000 0.000000 1.000000
0.995981 -0.057801 -0.068424 -0.011307 0.061354 0.996812 0.051012 0.531631 0.065257 -0.055005 0.996351 0.019360 0.000000 0.000000 0.000000 1.000000
0.995796 -0.044073 -0.080299 -0.013829 0.048154 0.997607 0.049613 0.531599 0.077921 -0.053271 0.995535 0.019020 0.000000 0.000000 0.000000 1.000000
0.995503 -0.026142 -0.091048 -0.015653 0.030410 0.998487 0.045815 0.531185 0.089712 -0.048377 0.994792 0.018722 0.000000 0.000000 0.000000 1.000000
0.994741 -0.003876 -0.102348 -0.016668 0.008526 0.998949 0.045040 0.529275 0.102066 -0.045676 0.993728 0.018617 0.000000 0.000000 0.000000 1.000000
0.993147 0.016875 -0.115651 -0.016830 -0.010069 0.998196 0.059185 0.525543 0.116441 -0.057615 0.991525 0.018598 0.000000 0.000000 0.000000 1.000000
0.991191 0.030052 -0.128985 -0.016072 -0.018564 0.995826 0.089363 0.520421 0.131133 -0.086182 0.987612 0.018418 0.000000 0.000000 0.000000 1.000000
0.989330 0.033187 -0.141859 -0.014379 -0.015941 0.992522 0.121022 0.515506 0.144814 -0.117470 0.982461 0.018098 0.000000 0.000000 0.000000 1.000000
0.986518 0.029283 -0.161013 -0.011833 -0.006919 0.990445 0.137738 0.512537 0.163508 -0.134767 0.977294 0.018092 0.000000 0.000000 0.000000 1.000000
0.980464 0.023056 -0.195344 -0.008668 0.003367 0.990994 0.133863 0.512416 0.196671 -0.131906 0.971556 0.018897 0.000000 0.000000 0.000000 1.000000
0.969435 0.015817 -0.244839 -0.005329 0.012901 0.993253 0.115247 0.515127 0.245010 -0.114883 0.962690 0.020448 0.000000 0.000000 0.000000 1.000000
0.954374 0.008698 -0.298486 -0.002443 0.019840 0.995520 0.092449 0.519796 0.297953 -0.094153 0.949926 0.022168 0.000000 0.000000 0.000000 1.000000
0.939106 0.005362 -0.343585 -0.000457 0.020823 0.997153 0.072477 0.524852 0.342995 -0.075218 0.936321 0.023515 0.000000 0.000000 0.000000 1.000000
0.927532 0.008219 -0.373654 0.000593 0.014061 0.998283 0.056863 0.528865 0.373480 -0.057996 0.925823 0.024295 0.000000 0.000000 0.000000 1.000000
0.921002 0.015497 -0.389249 0.000891 0.002025 0.999004 0.044565 0.531183 0.389552 -0.041833 0.920054 0.024586 0.000000 0.000000 0.000000 1.000000
0.917950 0.022377 -0.396065 0.000998 -0.009917 0.999390 0.033480 0.531700 0.396573 -0.026805 0.917612 0.024482 0.000000 0.000000 0.000000 1.000000
0.915271 0.024417 -0.402097 0.001360 -0.017048 0.999615 0.021894 0.531185 0.402477 -0.013184 0.915335 0.024100 0.000000 0.000000 0.000000 1.000000
0.910611 0.020740 -0.412743 0.002046 -0.017538 0.999780 0.011545 0.530786 0.412891 -0.003274 0.910774 0.023664 0.000000 0.000000 0.000000 1.000000
0.904102 0.015022 -0.427052 0.002866 -0.012811 0.999886 0.008049 0.530328 0.427124 -0.001806 0.904191 0.023314 0.000000 0.000000 0.000000 1.000000
0.898358 0.012226 -0.439094 0.003447 -0.005434 0.999845 0.016722 0.529636 0.439231 -0.012636 0.898285 0.023083 0.000000 0.000000 0.000000 1.000000
0.896033 0.014411 -0.443753 0.003607 0.002498 0.999294 0.037496 0.528742 0.443980 -0.034706 0.895365 0.022898 0.000000 0.000000 0.000000 1.000000
0.896864 0.020866 -0.441813 0.003401 0.008274 0.997920 0.063927 0.527366 0.442228 -0.060990 0.894826 0.022680 0.000000 0.000000 0.000000 1.000000
0.897578 0.030488 -0.439801 0.003053 0.009017 0.996128 0.087456 0.525441 0.440764 -0.082464 0.893827 0.022453 0.000000 0.000000 0.000000 1.000000
0.894870 0.041525 -0.444392 0.002632 0.004658 0.994740 0.102331 0.524324 0.446303 -0.093643 0.889969 0.022336 0.000000 0.000000 0.000000 1.000000
0.888395 0.049985 -0.456351 0.002358 -0.001287 0.994322 0.106405 0.524417 0.459079 -0.093943 0.883415 0.022312 0.000000 0.000000 0.000000 1.000000
0.881454 0.051258 -0.469481 0.002384 -0.004718 0.994999 0.099775 0.525547 0.472247 -0.085732 0.877287 0.022354 0.000000 0.000000 0.000000 1.000000
0.879162 0.043795 -0.474506 0.002713 -0.003995 0.996410 0.084563 0.527165 0.476507 -0.072449 0.876181 0.022406 0.000000 0.000000 0.000000 1.000000
0.885633 0.029953 -0.463418 0.003386 0.000185 0.997895 0.064851 0.528664 0.464385 -0.057520 0.883763 0.022383 0.000000 0.000000 0.000000 1.000000
0.901199 0.013266 -0.433203 0.004631 0.006943 0.998961 0.045034 0.529647 0.433350 -0.043592 0.900171 0.022348 0.000000 0.000000 0.000000 1.000000
0.921636 -0.004369 -0.388031 0.006636 0.016385 0.999483 0.027662 0.530168 0.387710 -0.031852 0.921231 0.022614 0.000000 0.000000 0.000000 1.000000
0.942137 -0.024332 -0.334344 0.009270 0.030233 0.999465 0.012458 0.530339 0.333862 -0.021845 0.942369 0.023466 0.000000 0.000000 0.000000 1.000000
0.960470 -0.052198 -0.273447 0.012492 0.053143 0.998579 -0.003956 0.530024 0.273265 -0.010732 0.961879 0.024756 0.000000 0.000000 0.000000 1.000000
0.974352 -0.094666 -0.204148 0.016462 0.091164 0.995483 -0.026511 0.528236 0.205735 0.007220 0.978581 0.025888 0.000000 0.000000 0.000000 1.000000
0.979335 -0.153466 -0.131724 0.020848 0.147339 0.987549 -0.055121 0.523520 0.138543 0.034573 0.989753 0.026396 0.000000 0.000000 0.000000 1.000000
0.972495 -0.222708 -0.068220 0.024358 0.217297 0.972937 -0.078583 0.514612 0.083875 0.061598 0.994571 0.026362 0.000000 0.000000 0.000000 1.000000
0.956994 -0.289483 -0.019058 0.025404 0.287193 0.954618 -0.078900 0.501853 0.041033 0.070034 0.996700 0.026008 0.000000 0.000000 0.000000 1.000000
0.940573 -0.338218 0.030500 0.023763 0.339292 0.939714 -0.042637 0.492389 -0.014240 0.050452 0.998625 0.025460 0.000000 0.000000 0.000000 1.000000
0.927531 -0.359372 0.102652 0.019275 0.358016 0.933167 0.031989 0.483209 -0.107288 0.007080 0.994203 0.024835 0.000000 0.000000 0.000000 1.000000
0.915864 -0.348647 0.199093 0.011792 0.328086 0.935744 0.129398 0.475181 -0.231414 -0.053192 0.971400 0.024396 0.000000 0.000000 0.000000 1.000000
0.904465 -0.300598 0.302628 0.001890 0.242608 0.946079 0.214651 0.469422 -0.350834 -0.120725 0.928623 0.024221 0.000000 0.000000 0.000000 1.000000
0.894336 -0.209377 0.395379 -0.009146 0.114886 0.961577 0.249343 0.465106 -0.432394 -0.177572 0.884027 0.023985 0.000000 0.000000 0.000000 1.000000
0.886121 -0.086408 0.455328 -0.019693 -0.018053 0.975284 0.220215 0.461422 -0.463103 -0.203357 0.862660 0.023646 0.000000 0.000000 0.000000 1.000000
0.887040 0.035154 0.460352 -0.028094 -0.119333 0.980673 0.155052 0.457923 -0.446004 -0.192472 0.874091 0.023399 0.000000 0.000000 0.000000 1.000000
0.904901 0.124050 0.407142 -0.033991 -0.177329 0.979488 0.095691 0.454896 -0.386921 -0.158789 0.908338 0.022978 0.000000 0.000000 0.000000 1.000000
0.933508 0.177691 0.311432 -0.037576 -0.205672 0.976832 0.059153 0.452118 -0.293705 -0.119273 0.948426 0.021977 0.000000 0.000000 0.000000 1.000000
0.958062 0.209944 0.195039 -0.038726 -0.220881 0.974641 0.035879 0.448656 -0.182560 -0.077455 0.980139 0.020214 0.000000 0.000000 0.000000 1.000000
0.971032 0.226862 0.075032 -0.037143 -0.228481 0.973453 0.013633 0.443530 -0.069947 -0.030381 0.997088 0.017718 0.000000 0.000000 0.000000 1.000000
0.973545 0.224246 -0.043859 -0.032814 -0.224926 0.974312 -0.011162 0.436824 0.040229 0.020732 0.998975 0.014985 0.000000 0.000000 0.000000 1.000000
0.966591 0.197189 -0.163762 -0.026259 -0.206198 0.977701 -0.039792 0.429049 0.152263 0.072230 0.985697 0.012794 0.000000 0.000000 0.000000 1.000000
0.948757 0.146564 -0.279962 -0.018396 -0.173604 0.982015 -0.074223 0.420414 0.264049 0.119022 0.957137 0.011602 0.000000 0.000000 0.000000 1.000000
0.922287 0.079610 -0.378218 -0.010299 -0.131241 0.984922 -0.112717 0.411598 0.363542 0.153595 0.918829 0.011264 0.000000 0.000000 0.000000 1.000000
0.895592 0.006666 -0.444826 -0.002650 -0.081184 0.985547 -0.148682 0.403798 0.437406 0.169272 0.883189 0.011381 0.000000 0.000000 0.000000 1.000000
0.877737 -0.064628 -0.474764 0.004337 -0.022852 0.984088 -0.176208 0.397722 0.478597 0.165513 0.862293 0.011782 0.000000 0.000000 0.000000 1.000000
0.871491 -0.131937 -0.472331 0.010571 0.042931 0.979958 -0.194522 0.393186 0.488529 0.149247 0.859689 0.012477 0.000000 0.000000 0.000000 1.000000
0.872379 -0.195476 -0.448044 0.015542 0.111924 0.972091 -0.206185 0.389166 0.475844 0.129725 0.869910 0.013513 0.000000 0.000000 0.000000 1.000000
0.875592 -0.251790 -0.412237 0.018466 0.176932 0.961268 -0.211328 0.384548 0.449481 0.112100 0.886228 0.015034 0.000000 0.000000 0.000000 1.000000
0.882298 -0.291476 -0.369583 0.018900 0.229559 0.951945 -0.202742 0.379266 0.410917 0.094038 0.906810 0.017217 0.000000 0.000000 0.000000 1.000000
0.896346 -0.308681 -0.318246 0.016587 0.266434 0.948772 -0.169838 0.373158 0.354369 0.067441 0.932671 0.020062 0.000000 0.000000 0.000000 1.000000
0.918401 -0.302756 -0.254714 0.011827 0.282770 0.952550 -0.112651 0.366590 0.276733 0.031433 0.960433 0.023215 0.000000 0.000000 0.000000 1.000000
0.944014 -0.278554 -0.176762 0.005073 0.274417 0.960415 -0.047941 0.359617 0.183119 -0.003249 0.983085 0.026228 0.000000 0.000000 0.000000 1.000000
0.967255 -0.238746 -0.086128 -0.003002 0.239893 0.970795 0.003061 0.352238 0.082882 -0.023622 0.996279 0.029037 0.000000 0.000000 0.000000 1.000000
0.983168 -0.182503 0.008565 -0.011754 0.182176 0.982811 0.029908 0.344857 -0.013876 -0.027844 0.999516 0.031452 0.000000 0.000000 0.000000 1.000000
0.989251 -0.112835 0.093007 -0.020287 0.110026 0.993319 0.034816 0.338349 -0.096314 -0.024208 0.995057 0.033143 0.000000 0.000000 0.000000 1.000000
0.987736 -0.039580 0.151032 -0.027810 0.036059 0.999012 0.025987 0.333458 -0.151911 -0.020223 0.988187 0.033714 0.000000 0.000000 0.000000 1.000000
0.984790 0.027172 0.171611 -0.034058 -0.029623 0.999492 0.011739 0.330422 -0.171205 -0.016644 0.985095 0.032868 0.000000 0.000000 0.000000 1.000000
0.984364 0.083610 0.155038 -0.038539 -0.084129 0.996450 -0.003222 0.329409 -0.154757 -0.009872 0.987903 0.030695 0.000000 0.000000 0.000000 1.000000
0.985085 0.130301 0.112378 -0.040947 -0.129066 0.991468 -0.018231 0.330272 -0.113795 0.003455 0.993498 0.027354 0.000000 0.000000 0.000000 1.000000
0.984153 0.167250 0.058901 -0.041437 -0.165523 0.985650 -0.033118 0.332534 -0.063594 0.022844 0.997714 0.022936 0.000000 0.000000 0.000000 1.000000
0.981159 0.193135 0.005196 -0.039896 -0.192695 0.980170 -0.046214 0.336157 -0.014018 0.044342 0.998918 0.017739 0.000000 0.000000 0.000000 1.000000
0.977645 0.204764 -0.047777 -0.036521 -0.207369 0.976540 -0.058027 0.341162 0.034774 0.066637 0.997171 0.012264 0.000000 0.000000 0.000000 1.000000
0.973841 0.202145 -0.103781 -0.031507 -0.210067 0.975031 -0.072016 0.347414 0.086632 0.091933 0.991989 0.007377 0.000000 0.000000 0.000000 1.000000
0.968202 0.188499 -0.164476 -0.025190 -0.205007 0.974631 -0.089811 0.354474 0.143374 0.120674 0.982284 0.003820 0.000000 0.000000 0.000000 1.000000
0.959430 0.166170 -0.227774 -0.017803 -0.195111 0.974489 -0.110920 0.361873 0.203532 0.150862 0.967376 0.001912 0.000000 0.000000 0.000000 1.000000
0.947840 0.133197 -0.289581 -0.009671 -0.178744 0.974325 -0.136901 0.369343 0.263911 0.181521 0.947313 0.001491 0.000000 0.000000 0.000000 1.000000
0.934686 0.082501 -0.345769 -0.001249 -0.149332 0.973833 -0.171318 0.376769 0.322587 0.211763 0.922548 0.002107 0.000000 0.000000 0.000000 1.000000
0.919816 0.006811 -0.392291 0.006974 -0.098296 0.971963 -0.213602 0.384092 0.379837 0.235035 0.894697 0.003489 0.000000 0.000000 0.000000 1.000000
0.900298 -0.091849 -0.425473 0.014522 -0.022044 0.966607 -0.255312 0.390848 0.434715 0.239236 0.868210 0.005771 0.000000 0.000000 0.000000 1.000000
0.875097 -0.192228 -0.444132 0.020914 0.065658 0.956402 -0.284578 0.396736 0.479473 0.219872 0.849566 0.009178 0.000000 0.000000 0.000000 1.000000
0.854566 -0.261650 -0.448615 0.025826 0.135037 0.946050 -0.294542 0.402478 0.501479 0.191127 0.843795 0.013499 0.000000 0.000000 0.000000 1.000000
0.853162 -0.285187 -0.436788 0.028922 0.167692 0.942822 -0.288039 0.408964 0.493958 0.172498 0.852203 0.018001 0.000000 0.000000 0.000000 1.000000
0.871829 -0.273570 -0.406292 0.030016 0.170305 0.947041 -0.272231 0.416483 0.459249 0.168145 0.872248 0.022168 0.000000 0.000000 0.000000 1.000000
0.899906 -0.246226 -0.359920 0.029192 0.163063 0.955470 -0.245942 0.425386 0.404450 0.162635 0.899984 0.025657 0.000000 0.000000 0.000000 1.000000
0.928382 -0.211082 -0.305862 0.026988 0.153601 0.967392 -0.201395 0.436492 0.338399 0.139990 0.930531 0.028630 0.000000 0.000000 0.000000 1.000000
0.951158 -0.166736 -0.259804 0.024022 0.133537 0.981005 -0.140700 0.450439 0.278329 0.099135 0.955356 0.031297 0.000000 0.000000 0.000000 1.000000
0.964203 -0.117050 -0.237931 0.020549 0.100595 0.991689 -0.080208 0.467313 0.245342 0.053402 0.967965 0.033688 0.000000 0.000000 0.000000 1.000000
0.967332 -0.073833 -0.242525 0.016742 0.067353 0.997118 -0.034917 0.486725 0.244404 0.017441 0.969517 0.035426 0.000000 0.000000 0.000000 1.000000
0.964535 -0.047836 -0.259583 0.013026 0.047075 0.998849 -0.009152 0.507099 0.259722 -0.003392 0.965678 0.035622 0.000000 0.000000 0.000000 1.000000
0.961803 -0.038718 -0.270989 0.010192 0.040075 0.999197 -0.000526 0.535068 0.270792 -0.010354 0.962582 0.033650 0.000000 0.000000 0.000000 1.000000
0.961671 -0.039602 -0.271332 0.008431 0.040555 0.999175 -0.002096 0.556862 0.271191 -0.008988 0.962483 0.029677 0.000000 0.000000 0.000000 1.000000
0.962949 -0.042549 -0.266306 0.007550 0.043190 0.999061 -0.003451 0.571154 0.266203 -0.008179 0.963882 0.024672 0.000000 0.000000 0.000000 1.000000
0.964049 -0.044112 -0.262039 0.006732 0.046862 0.998892 0.004252 0.578090 0.261561 -0.016379 0.965048 0.019725 0.000000 0.000000 0.000000 1.000000
0.964842 -0.044722 -0.258997 0.005682 0.052190 0.998394 0.022028 0.578496 0.257596 -0.034771 0.965627 0.015578 0.000000 0.000000 0.000000 1.000000
0.965896 -0.046536 -0.254715 0.004680 0.059030 0.997388 0.041627 0.572978 0.252112 -0.055244 0.966120 0.012205 0.000000 0.000000 0.000000 1.000000
0.967490 -0.051394 -0.247632 0.004030 0.067088 0.996210 0.055359 0.561922 0.243849 -0.070172 0.967271 0.009259 0.000000 0.000000 0.000000 1.000000
0.969319 -0.055734 -0.239405 0.003284 0.073887 0.994978 0.067528 0.546003 0.234439 -0.083145 0.968569 0.006300 0.000000 0.000000 0.000000 1.000000
0.971009 -0.049455 -0.233870 0.002391 0.071853 0.993505 0.088236 0.530412 0.227988 -0.102482 0.968256 0.003125 0.000000 0.000000 0.000000 1.000000
0.972637 -0.035293 -0.229632 0.001775 0.063029 0.991411 0.114594 0.518233 0.223615 -0.125932 0.966508 0.000226 0.000000 0.000000 0.000000 1.000000
