<?xml version="1.0" encoding="utf-8"?>
<COLLADA xmlns="http://www.collada.org/2005/11/COLLADASchema" version="1.4.1">
  <asset><contributor><author>Mixamo</author><authoring_tool>COLLADA Mixamo exporter</authoring_tool><comments></comments></contributor><created>2019-12-12T17:54:05Z</created><modified>2019-12-12T17:54:05Z</modified><revision></revision><title></title><unit meter="0.010000"/><up_axis>Y_UP</up_axis></asset>
  <library_animations>
    <animation id="mixamorig_Hips-anim" name="mixamorig_Hips"><source id="mixamorig_Hips-Matrix-animation-input"><float_array id="mixamorig_Hips-Matrix-animation-input-array" count="81">

0.000000 0.033333 0.066667 0.100000 0.133333 0.166667 0.200000 0.233333 0.266667 0.300000 0.333333 0.366667 0.400000 0.433333 0.466667 0.500000
0.533333 0.566667 0.600000 0.633333 0.666667 0.700000 0.733333 0.766667 0.800000 0.833333 0.866667 0.900000 0.933333 0.966667 1.000000 1.033333
1.066667 1.100000 1.133333 1.166667 1.200000 1.233333 1.266667 1.300000 1.333333 1.366667 1.400000 1.433333 1.466667 1.500000 1.533333 1.566667
1.600000 1.633333 1.666667 1.700000 1.733333 1.766667 1.800000 1.833333 1.866667 1.900000 1.933333 1.966667 2.000000 2.033333 2.066667 2.100000
2.133333 2.166667 2.200000 2.233333 2.266667 2.300000 2.333333 2.366667 2.400000 2.433333 2.466667 2.500000 2.533333 2.566667 2.600000 2.633333
2.666667</float_array><technique_common><accessor source="#mixamorig_Hips-Matrix-animation-input-array" count="81"><param name="TIME" type="float"/></accessor></technique_common></source><source id="mixamorig_Hips-Matrix-animation-output-transform"><float_array id="mixamorig_Hips-Matrix-animation-output-transform-array" count="1296">

0.989864 0.055240 0.130838 0.004595 0.058267 0.682196 -0.728844 0.423673 -0.129519 0.729079 0.672063 -0.013008 0.000000 0.000000 0.000000 1.000000
0.990936 0.049609 0.124835 0.005970 0.056483 0.689290 -0.722280 0.426250 -0.121880 0.722785 0.680241 -0.011871 0.000000 0.000000 0.000000 1.000000
0.991466 0.045022 0.122348 0.007346 0.056982 0.694428 -0.717303 0.428071 -0.117257 0.718153 0.685936 -0.011884 0.000000 0.000000 0.000000 1.000000
0.991623 0.041427 0.122339 0.008911 0.058879 0.698052 -0.713622 0.428767 -0.114962 0.714848 0.689765 -0.013053 0.000000 0.000000 0.000000 1.000000
0.991664 0.038895 0.122840 0.010747 0.060543 0.700908 -0.710678 0.428422 -0.113741 0.712190 0.692710 -0.014788 0.000000 0.000000 0.000000 1.000000
0.991835 0.037512 0.121888 0.012708 0.060391 0.703657 -0.707969 0.427257 -0.112325 0.709549 0.695646 -0.016428 0.000000 0.000000 0.000000 1.000000
0.992202 0.037597 0.118833 0.014564 0.057690 0.706610 -0.705248 0.425366 -0.110484 0.706604 0.698931 -0.017775 0.000000 0.000000 0.000000 1.000000
0.992616 0.039546 0.114670 0.016185 0.052878 0.709731 -0.702486 0.422753 -0.109165 0.703362 0.702399 -0.019031 0.000000 0.000000 0.000000 1.000000
0.992893 0.043239 0.110877 0.017614 0.047108 0.712773 -0.699811 0.419497 -0.109289 0.700061 0.705671 -0.020391 0.000000 0.000000 0.000000 1.000000
0.992975 0.047995 0.108150 0.018986 0.041421 0.715194 -0.697697 0.415768 -0.110834 0.697276 0.708182 -0.021869 0.000000 0.000000 0.000000 1.000000
0.992865 0.053182 0.106723 0.020386 0.036574 0.716062 -0.697078 0.411837 -0.113493 0.696008 0.709008 -0.023437 0.000000 0.000000 0.000000 1.000000
0.992482 0.058496 0.107505 0.021782 0.033570 0.714584 -0.698744 0.408041 -0.117695 0.697100 0.707248 -0.025168 0.000000 0.000000 0.000000 1.000000
0.991722 0.063383 0.111665 0.023136 0.033650 0.710972 -0.702415 0.404615 -0.123912 0.700358 0.702954 -0.027209 0.000000 0.000000 0.000000 1.000000
0.990710 0.066668 0.118532 0.024520 0.037048 0.706322 -0.706921 0.401598 -0.130851 0.704745 0.697290 -0.029629 0.000000 0.000000 0.000000 1.000000
0.989881 0.067366 0.124892 0.026035 0.042029 0.701450 -0.711478 0.398965 -0.135535 0.709527 0.691521 -0.032320 0.000000 0.000000 0.000000 1.000000
0.989624 0.066016 0.127619 0.027591 0.045944 0.696180 -0.716395 0.396717 -0.136140 0.714825 0.685923 -0.035035 0.000000 0.000000 0.000000 1.000000
0.989818 0.064567 0.126850 0.028951 0.047567 0.689908 -0.722332 0.394912 -0.134153 0.721012 0.679812 -0.037605 0.000000 0.000000 0.000000 1.000000
0.989973 0.064677 0.125577 0.030010 0.047928 0.682477 -0.729334 0.393590 -0.132875 0.728040 0.672534 -0.040073 0.000000 0.000000 0.000000 1.000000
0.989793 0.066417 0.126088 0.030893 0.048610 0.674352 -0.736808 0.392662 -0.133964 0.735417 0.664241 -0.042584 0.000000 0.000000 0.000000 1.000000
0.989448 0.068493 0.127676 0.031810 0.049885 0.666286 -0.744026 0.392001 -0.136029 0.742544 0.655838 -0.045211 0.000000 0.000000 0.000000 1.000000
0.989334 0.069484 0.128020 0.032863 0.050824 0.658982 -0.750440 0.391536 -0.136507 0.748942 0.648422 -0.047879 0.000000 0.000000 0.000000 1.000000
0.989655 0.068756 0.125919 0.034043 0.050794 0.652917 -0.755725 0.391263 -0.134175 0.754302 0.642670 -0.050445 0.000000 0.000000 0.000000 1.000000
0.990269 0.066500 0.122248 0.035359 0.050279 0.648138 -0.759861 0.391169 -0.129764 0.758614 0.638488 -0.052834 0.000000 0.000000 0.000000 1.000000
0.990903 0.063259 0.118781 0.036862 0.050364 0.644172 -0.763220 0.391197 -0.124796 0.762260 0.635126 -0.055096 0.000000 0.000000 0.000000 1.000000
0.991401 0.059394 0.116601 0.038566 0.051770 0.640334 -0.766350 0.391270 -0.120180 0.765797 0.631753 -0.057351 0.000000 0.000000 0.000000 1.000000
0.991784 0.054881 0.115556 0.040429 0.054453 0.636272 -0.769541 0.391344 -0.115758 0.769510 0.628056 -0.059670 0.000000 0.000000 0.000000 1.000000
0.992146 0.049576 0.114845 0.042418 0.057858 0.632119 -0.772708 0.391408 -0.110903 0.773284 0.624286 -0.062004 0.000000 0.000000 0.000000 1.000000
0.992551 0.043624 0.113752 0.044524 0.061308 0.628005 -0.775791 0.391435 -0.105280 0.776986 0.620653 -0.064224 0.000000 0.000000 0.000000 1.000000
0.993023 0.037509 0.111793 0.046698 0.064161 0.623557 -0.779141 0.391374 -0.098934 0.780878 0.616800 -0.066201 0.000000 0.000000 0.000000 1.000000
0.993591 0.031759 0.108486 0.048882 0.065766 0.618160 -0.783297 0.391238 -0.091938 0.785411 0.612109 -0.067804 0.000000 0.000000 0.000000 1.000000
0.994281 0.026813 0.103374 0.051100 0.065467 0.611737 -0.788347 0.391207 -0.084376 0.790606 0.606484 -0.068876 0.000000 0.000000 0.000000 1.000000
0.995065 0.023211 0.096476 0.053446 0.062854 0.604902 -0.793816 0.391603 -0.076783 0.795962 0.600457 -0.069303 0.000000 0.000000 0.000000 1.000000
0.995844 0.021611 0.088480 0.055959 0.058030 0.598202 -0.799241 0.392721 -0.070202 0.801054 0.594462 -0.069137 0.000000 0.000000 0.000000 1.000000
0.996540 0.022224 0.080093 0.058516 0.051464 0.591710 -0.804507 0.394661 -0.065271 0.805845 0.588519 -0.068605 0.000000 0.000000 0.000000 1.000000
0.997159 0.024279 0.071311 0.060860 0.043622 0.585666 -0.809378 0.397277 -0.061415 0.810189 0.582943 -0.067966 0.000000 0.000000 0.000000 1.000000
0.997728 0.026441 0.061972 0.062782 0.035100 0.581131 -0.813053 0.400281 -0.057512 0.813380 0.578882 -0.067308 0.000000 0.000000 0.000000 1.000000
0.998198 0.027951 0.053096 0.064262 0.027104 0.579419 -0.814579 0.403440 -0.053533 0.814551 0.577617 -0.066428 0.000000 0.000000 0.000000 1.000000
0.998463 0.029330 0.047023 0.065458 0.021256 0.580926 -0.813679 0.406724 -0.051182 0.813428 0.579410 -0.064952 0.000000 0.000000 0.000000 1.000000
0.998445 0.031856 0.045741 0.066586 0.018493 0.584819 -0.810953 0.410320 -0.052584 0.810538 0.583320 -0.062580 0.000000 0.000000 0.000000 1.000000
0.998140 0.036254 0.049022 0.067705 0.018237 0.589689 -0.807425 0.414530 -0.058180 0.806817 0.587930 -0.059206 0.000000 0.000000 0.000000 1.000000
0.997646 0.041883 0.054301 0.068573 0.018834 0.594037 -0.804218 0.419620 -0.065940 0.803347 0.591849 -0.054866 0.000000 0.000000 0.000000 1.000000
0.997170 0.047313 0.058418 0.068960 0.018711 0.596433 -0.802445 0.425577 -0.072808 0.801267 0.593860 -0.049835 0.000000 0.000000 0.000000 1.000000
0.996884 0.051846 0.059446 0.068886 0.016870 0.596060 -0.802763 0.431921 -0.077053 0.801264 0.593328 -0.044736 0.000000 0.000000 0.000000 1.000000
0.996794 0.056068 0.057081 0.068400 0.012724 0.593245 -0.804921 0.437791 -0.078993 0.803067 0.590630 -0.040396 0.000000 0.000000 0.000000 1.000000
0.996795 0.060697 0.052113 0.067453 0.006382 0.589007 -0.808103 0.442432 -0.079745 0.805845 0.586732 -0.037430 0.000000 0.000000 0.000000 1.000000
0.996787 0.065494 0.046110 0.066027 -0.000847 0.584254 -0.811570 0.445630 -0.080093 0.808924 0.582432 -0.035859 0.000000 0.000000 0.000000 1.000000
0.996721 0.069750 0.041008 0.064253 -0.007064 0.579903 -0.814655 0.447463 -0.080603 0.811694 0.578494 -0.035191 0.000000 0.000000 0.000000 1.000000
0.996580 0.073361 0.038026 0.062301 -0.011326 0.577117 -0.816583 0.448003 -0.081851 0.813360 0.575974 -0.034763 0.000000 0.000000 0.000000 1.000000
0.996364 0.076656 0.037190 0.060256 -0.013876 0.576667 -0.816862 0.447405 -0.084063 0.813375 0.575633 -0.034105 0.000000 0.000000 0.000000 1.000000
0.996078 0.079709 0.038409 0.058143 -0.014839 0.578436 -0.815593 0.445872 -0.087227 0.811824 0.577350 -0.033087 0.000000 0.000000 0.000000 1.000000
0.995700 0.082454 0.042223 0.055986 -0.013718 0.582014 -0.813063 0.443497 -0.091615 0.808988 0.580643 -0.031800 0.000000 0.000000 0.000000 1.000000
0.995166 0.085050 0.049109 0.053819 -0.010279 0.587489 -0.809167 0.440238 -0.097671 0.804751 0.585523 -0.030413 0.000000 0.000000 0.000000 1.000000
0.994419 0.087728 0.058600 0.051685 -0.005146 0.595123 -0.803618 0.436050 -0.105374 0.798832 0.592254 -0.029043 0.000000 0.000000 0.000000 1.000000
0.993523 0.090278 0.069011 0.049630 0.000452 0.604165 -0.796859 0.431081 -0.113633 0.791729 0.600211 -0.027732 0.000000 0.000000 0.000000 1.000000
0.992737 0.092006 0.077516 0.047669 0.004968 0.612414 -0.790522 0.425787 -0.120205 0.785165 0.607509 -0.026583 0.000000 0.000000 0.000000 1.000000
0.992421 0.092390 0.081021 0.045768 0.006710 0.617608 -0.786458 0.420829 -0.122700 0.781041 0.612307 -0.025789 0.000000 0.000000 0.000000 1.000000
0.992715 0.091642 0.078223 0.043891 0.004662 0.619522 -0.784965 0.416676 -0.120397 0.779612 0.614581 -0.025409 0.000000 0.000000 0.000000 1.000000
0.993350 0.090589 0.071063 0.041998 -0.000465 0.620359 -0.784318 0.413283 -0.115135 0.779069 0.616276 -0.025162 0.000000 0.000000 0.000000 1.000000
0.993891 0.090252 0.063523 0.040089 -0.006532 0.622658 -0.782467 0.410278 -0.110172 0.777272 0.619444 -0.024642 0.000000 0.000000 0.000000 1.000000
0.994088 0.091278 0.058799 0.038188 -0.011518 0.627141 -0.778821 0.407333 -0.107964 0.773539 0.624484 -0.023758 0.000000 0.000000 0.000000 1.000000
0.993932 0.093531 0.057884 0.036285 -0.014480 0.632932 -0.774072 0.404328 -0.109036 0.768537 0.630446 -0.022896 0.000000 0.000000 0.000000 1.000000
0.993523 0.096231 0.060420 0.034359 -0.015137 0.639099 -0.768975 0.401337 -0.112614 0.763080 0.636417 -0.022582 0.000000 0.000000 0.000000 1.000000
0.992987 0.098353 0.065606 0.032419 -0.013421 0.645105 -0.763976 0.398555 -0.117462 0.757737 0.641901 -0.022986 0.000000 0.000000 0.000000 1.000000
0.992477 0.098967 0.072080 0.030505 -0.009653 0.650146 -0.759748 0.396214 -0.122053 0.753337 0.646210 -0.023841 0.000000 0.000000 0.000000 1.000000
0.992142 0.097546 0.078351 0.028654 -0.004407 0.653082 -0.757274 0.394506 -0.125038 0.750979 0.648380 -0.024786 0.000000 0.000000 0.000000 1.000000
0.991974 0.094287 0.084246 0.026900 0.002176 0.653455 -0.756962 0.393507 -0.126423 0.751070 0.648005 -0.025672 0.000000 0.000000 0.000000 1.000000
0.991745 0.090192 0.091142 0.025307 0.010368 0.652072 -0.758086 0.393134 -0.127805 0.752773 0.645754 -0.026554 0.000000 0.000000 0.000000 1.000000
0.991228 0.086477 0.099943 0.023950 0.019865 0.650134 -0.759560 0.393204 -0.130661 0.754882 0.642713 -0.027504 0.000000 0.000000 0.000000 1.000000
0.990455 0.083703 0.109508 0.022832 0.029369 0.648083 -0.761003 0.393603 -0.134669 0.756955 0.639439 -0.028502 0.000000 0.000000 0.000000 1.000000
0.989661 0.081697 0.117888 0.021828 0.037532 0.645777 -0.762603 0.394357 -0.138431 0.759143 0.636033 -0.029455 0.000000 0.000000 0.000000 1.000000
0.988937 0.080319 0.124713 0.020761 0.044090 0.643579 -0.764109 0.395522 -0.141635 0.761154 0.632917 -0.030236 0.000000 0.000000 0.000000 1.000000
0.988085 0.079870 0.131562 0.019528 0.049859 0.642598 -0.764579 0.397038 -0.145609 0.762029 0.630960 -0.030711 0.000000 0.000000 0.000000 1.000000
0.986872 0.080519 0.140001 0.018110 0.055753 0.643720 -0.763228 0.398761 -0.151576 0.761014 0.630780 -0.030822 0.000000 0.000000 0.000000 1.000000
0.985360 0.081641 0.149668 0.016502 0.061854 0.646873 -0.760085 0.400610 -0.158870 0.758215 0.632353 -0.030641 0.000000 0.000000 0.000000 1.000000
0.983989 0.081990 0.158249 0.014731 0.067258 0.651429 -0.755723 0.402644 -0.165049 0.754267 0.635484 -0.030242 0.000000 0.000000 0.000000 1.000000
0.983325 0.080398 0.163121 0.012953 0.070798 0.656966 -0.750589 0.404953 -0.167511 0.749622 0.640319 -0.029444 0.000000 0.000000 0.000000 1.000000
0.983663 0.076401 0.163005 0.011310 0.071900 0.663385 -0.744816 0.407549 -0.165039 0.744368 0.647054 -0.027830 0.000000 0.000000 0.000000 1.000000
0.984866 0.070551 0.158306 0.009752 0.070724 0.670297 -0.738716 0.410479 -0.158229 0.738732 0.655163 -0.025151 0.000000 0.000000 0.000000 1.000000
0.986552 0.064221 0.150305 0.008149 0.067673 0.676570 -0.733262 0.414022 -0.148783 0.733572 0.663125 -0.021558 0.000000 0.000000 0.000000 1.000000
0.988324 0.058899 0.140521 0.006422 0.063185 0.680787 -0.729751 0.418456 -0.138647 0.730109 0.669117 -0.017374 0.000000 0.000000 0.000000 1.000000
0.989864 0.055240 0.130838 0.004595 0.058267 0.682196 -0.728844 0.423673 -0.129519 0.729079 0.672063 -0.013008 0.000000 0.000000 0.000000 1.000000</float_array><technique_common><accessor source="#mixamorig_Hips-Matrix-animation-output-transform-array" count="81" stride="16"><param type="float4x4"/></accessor></technique_common></source><source id="mixamorig_Hips-Interpolations"><Name_array id="mixamorig_Hips-Interpolations-array" count="81">
 LINEAR LINEAR LINEAR LINEAR LINEAR LINEAR LINEAR LINEAR LINEAR LINEAR LINEAR
LINEAR LINEAR LINEAR LINEAR LINEAR LINEAR LINEAR LINEAR LINEAR LINEAR LINEAR LINEAR
LINEAR LINEAR LINEAR LINEAR LINEAR LINEAR LINEAR LINEAR LINEAR LINEAR LINEAR LINEAR
LINEAR LINEAR LINEAR LINEAR LINEAR LINEAR LINEAR LINEAR LINEAR LINEAR LINEAR LINEAR
LINEAR LINEAR LINEAR LINEAR LINEAR LINEAR LINEAR LINEAR LINEAR LINEAR LINEAR LINEAR
LINEAR LINEAR LINEAR LINEAR LINEAR LINEAR LINEAR LINEAR LINEAR LINEAR LINEAR LINEAR
LINEAR LINEAR LINEAR LINEAR LINEAR LINEAR LINEAR LINEAR LINEAR LINEAR</Name_array><technique_common><accessor source="#mixamorig_Hips-Interpolations-array" count="81"><param type="name"/></accessor></technique_common></source><sampler id="mixamorig_Hips-Matrix-animation-transform"><input semantic="INPUT" source="#mixamorig_Hips-Matrix-animation-input"/><input semantic="OUTPUT" source="#mixamorig_Hips-Matrix-animation-output-transform"/><input semantic="INTERPOLATION" source="#mixamorig_Hips-Interpolations"/></sampler><channel source="#mixamorig_Hips-Matrix-animation-transform" target="mixamorig_Hips/matrix"/></animation>
    <animation id="mixamorig_Spine-anim" name="mixamorig_Spine"><source id="mixamorig_Spine-Matrix-animation-input"><float_array id="mixamorig_Spine-Matrix-animation-input-array" count="81">

0.000000 0.033333 0.066667 0.100000 0.133333 0.166667 0.200000 0.233333 0.266667 0.300000 0.333333 0.366667 0.400000 0.433333 0.466667 0.500000
0.533333 0.566667 0.600000 0.633333 0.666667 0.700000 0.733333 0.766667 0.800000 0.833333 0.866667 0.900000 0.933333 0.966667 1.000000 1.033333
1.066667 1.100000 1.133333 1.166667 1.200000 1.233333 1.266667 1.300000 1.333333 1.366667 1.400000 1.433333 1.466667 1.500000 1.533333 1.566667
1.600000 1.633333 1.666667 1.700000 1.733333 1.766667 1.800000 1.833333 1.866667 1.900000 1.933333 1.966667 2.000000 2.033333 2.066667 2.100000
2.133333 2.166667 2.200000 2.233333 2.266667 2.300000 2.333333 2.366667 2.400000 2.433333 2.466667 2.500000 2.533333 2.566667 2.600000 2.633333
2.666667</float_array><technique_common><accessor source="#mixamorig_Spine-Matrix-animation-input-array" count="81"><param name="TIME" type="float"/></accessor></technique_common></source><source id="mixamorig_Spine-Matrix-animation-output-transform"><float_array id="mixamorig_Spine-Matrix-animation-output-transform-array" count="1296">

0.999994 -0.000954 -0.003360 0.000000 0.001096 0.999087 0.042708 0.086900 0.003316 -0.042711 0.999082 0.000400 0.000000 0.000000 0.000000 1.000000
0.999983 0.003045 -0.005054 0.000000 -0.002831 0.999122 0.041810 0.086900 0.005177 -0.041795 0.999113 0.000400 0.000000 0.000000 0.000000 1.000000
0.999953 0.006380 -0.007338 0.000000 -0.006069 0.999112 0.041698 0.086900 0.007598 -0.041651 0.999103 0.000400 0.000000 0.000000 0.000000 1.000000
0.999912 0.008499 -0.010185 0.000000 -0.008065 0.999089 0.041915 0.086900 0.010532 -0.041829 0.999069 0.000400 0.000000 0.000000 0.000000 1.000000
0.999873 0.009172 -0.013023 0.000000 -0.008619 0.999084 0.041905 0.086900 0.013396 -0.041787 0.999037 0.000400 0.000000 0.000000 0.000000 1.000000
0.999846 0.008784 -0.015169 0.000000 -0.008149 0.999108 0.041442 0.086900 0.015520 -0.041312 0.999026 0.000400 0.000000 0.000000 0.000000 1.000000
0.999835 0.007935 -0.016366 -0.000000 -0.007263 0.999145 0.040707 0.086900 0.016675 -0.040581 0.999037 0.000400 0.000000 0.000000 0.000000 1.000000
0.999834 0.007053 -0.016810 -0.000000 -0.006376 0.999179 0.040014 0.086900 0.017078 -0.039901 0.999058 0.000400 0.000000 0.000000 0.000000 1.000000
0.999837 0.006422 -0.016882 -0.000000 -0.005749 0.999199 0.039607 0.086900 0.017123 -0.039504 0.999073 0.000400 0.000000 0.000000 0.000000 1.000000
0.999838 0.006210 -0.016908 0.000000 -0.005535 0.999198 0.039663 0.086900 0.017140 -0.039563 0.999070 0.000400 0.000000 0.000000 0.000000 1.000000
0.999835 0.006343 -0.017009 0.000000 -0.005652 0.999170 0.040337 0.086900 0.017251 -0.040235 0.999041 0.000400 0.000000 0.000000 0.000000 1.000000
0.999832 0.006484 -0.017138 -0.000000 -0.005766 0.999117 0.041622 0.086900 0.017393 -0.041517 0.998986 0.000400 0.000000 0.000000 0.000000 1.000000
0.999832 0.006314 -0.017230 0.000000 -0.005564 0.999050 0.043227 0.086900 0.017486 -0.043124 0.998917 0.000400 0.000000 0.000000 0.000000 1.000000
0.999833 0.005897 -0.017309 0.000000 -0.005117 0.998985 0.044763 0.086900 0.017556 -0.044667 0.998848 0.000400 0.000000 0.000000 0.000000 1.000000
0.999832 0.005678 -0.017434 0.000000 -0.004869 0.998927 0.046064 0.086900 0.017677 -0.045972 0.998786 0.000400 0.000000 0.000000 0.000000 1.000000
0.999827 0.005967 -0.017601 -0.000000 -0.005130 0.998870 0.047259 0.086900 0.017863 -0.047160 0.998728 0.000400 0.000000 0.000000 0.000000 1.000000
0.999821 0.006618 -0.017720 0.000000 -0.005751 0.998805 0.048528 0.086900 0.018020 -0.048417 0.998665 0.000400 0.000000 0.000000 0.000000 1.000000
0.999817 0.007246 -0.017685 0.000000 -0.006356 0.998734 0.049894 0.086900 0.018024 -0.049773 0.998598 0.000400 0.000000 0.000000 0.000000 1.000000
0.999818 0.007624 -0.017461 0.000000 -0.006721 0.998665 0.051206 0.086900 0.017828 -0.051079 0.998535 0.000400 0.000000 0.000000 0.000000 1.000000
0.999823 0.007890 -0.017107 0.000000 -0.006986 0.998608 0.052272 0.086900 0.017495 -0.052143 0.998486 0.000400 0.000000 0.000000 0.000000 1.000000
0.999826 0.008326 -0.016703 0.000000 -0.007430 0.998569 0.052969 0.086900 0.017120 -0.052835 0.998456 0.000400 0.000000 0.000000 0.000000 1.000000
0.999827 0.009024 -0.016282 0.000000 -0.008145 0.998547 0.053261 0.086900 0.016739 -0.053119 0.998448 0.000400 0.000000 0.000000 0.000000 1.000000
0.999826 0.009824 -0.015827 0.000000 -0.008969 0.998543 0.053219 0.086900 0.016327 -0.053068 0.998457 0.000400 0.000000 0.000000 0.000000 1.000000
0.999827 0.010523 -0.015307 -0.000000 -0.009697 0.998545 0.053048 0.086900 0.015843 -0.052891 0.998475 0.000400 0.000000 0.000000 0.000000 1.000000
0.999830 0.011109 -0.014691 -0.000000 -0.010316 0.998542 0.052993 0.086900 0.015258 -0.052833 0.998487 0.000400 0.000000 0.000000 0.000000 1.000000
0.999834 0.011730 -0.013967 0.000000 -0.010973 0.998528 0.053125 0.086900 0.014570 -0.052963 0.998490 0.000400 0.000000 0.000000 0.000000 1.000000
0.999836 0.012456 -0.013162 -0.000000 -0.011738 0.998507 0.053344 0.086900 0.013806 -0.053180 0.998489 0.000400 0.000000 0.000000 0.000000 1.000000
0.999838 0.013146 -0.012329 -0.000000 -0.012467 0.998483 0.053622 0.086900 0.013015 -0.053459 0.998485 0.000400 0.000000 0.000000 0.000000 1.000000
0.999841 0.013634 -0.011526 0.000000 -0.012989 0.998445 0.054216 0.086900 0.012247 -0.054057 0.998463 0.000400 0.000000 0.000000 0.000000 1.000000
0.999844 0.013968 -0.010797 0.000000 -0.013349 0.998373 0.055441 0.086900 0.011554 -0.055288 0.998404 0.000400 0.000000 0.000000 0.000000 1.000000
0.999846 0.014342 -0.010145 -0.000000 -0.013738 0.998267 0.057225 0.086900 0.010948 -0.057077 0.998310 0.000400 0.000000 0.000000 0.000000 1.000000
0.999846 0.014769 -0.009487 0.000000 -0.014184 0.998156 0.059023 0.086900 0.010341 -0.058879 0.998212 0.000400 0.000000 0.000000 0.000000 1.000000
0.999850 0.014983 -0.008687 0.000000 -0.014433 0.998077 0.060282 0.086900 0.009574 -0.060147 0.998144 0.000400 0.000000 0.000000 0.000000 1.000000
0.999861 0.014793 -0.007730 0.000000 -0.014296 0.998044 0.060854 0.086900 0.008616 -0.060735 0.998117 0.000400 0.000000 0.000000 0.000000 1.000000
0.999873 0.014431 -0.006808 -0.000000 -0.013990 0.998046 0.060902 0.086900 0.007673 -0.060799 0.998121 0.000400 0.000000 0.000000 0.000000 1.000000
0.999879 0.014297 -0.006158 0.000000 -0.013898 0.998067 0.060573 0.086900 0.007012 -0.060480 0.998145 0.000400 0.000000 0.000000 0.000000 1.000000
0.999881 0.014306 -0.005813 0.000000 -0.013933 0.998106 0.059922 0.086900 0.006659 -0.059834 0.998186 0.000400 0.000000 0.000000 0.000000 1.000000
0.999891 0.013661 -0.005568 0.000000 -0.013309 0.998169 0.059005 0.086900 0.006364 -0.058924 0.998242 0.000400 0.000000 0.000000 0.000000 1.000000
0.999921 0.011446 -0.005199 0.000000 -0.011126 0.998263 0.057862 0.086900 0.005852 -0.057800 0.998311 0.000400 0.000000 0.000000 0.000000 1.000000
0.999962 0.007410 -0.004664 0.000000 -0.007134 0.998378 0.056490 0.086900 0.005075 -0.056455 0.998392 0.000400 0.000000 0.000000 0.000000 1.000000
0.999989 0.002118 -0.004091 0.000000 -0.001890 0.998487 0.054960 0.086900 0.004202 -0.054952 0.998480 0.000400 0.000000 0.000000 0.000000 1.000000
0.999988 -0.003499 -0.003536 0.000000 0.003683 0.998561 0.053504 0.086900 0.003343 -0.053517 0.998561 0.000400 0.000000 0.000000 0.000000 1.000000
0.999957 -0.008871 -0.002758 0.000000 0.009003 0.998588 0.052357 0.086900 0.002289 -0.052379 0.998625 0.000400 0.000000 0.000000 0.000000 1.000000
0.999902 -0.013975 -0.001264 0.000000 0.014022 0.998570 0.051581 0.086900 0.000541 -0.051594 0.998668 0.000400 0.000000 0.000000 0.000000 1.000000
0.999823 -0.018743 0.001381 0.000000 0.018648 0.998517 0.051157 0.086900 -0.002338 -0.051122 0.998690 0.000400 0.000000 0.000000 0.000000 1.000000
0.999732 -0.022574 0.005087 0.000000 0.022285 0.998447 0.051067 0.086900 -0.006232 -0.050940 0.998682 0.000400 0.000000 0.000000 0.000000 1.000000
0.999652 -0.024804 0.008999 0.000000 0.024312 0.998395 0.051147 0.086900 -0.010253 -0.050911 0.998651 0.000400 0.000000 0.000000 0.000000 1.000000
0.999599 -0.025616 0.012073 0.000000 0.024968 0.998383 0.051078 0.086900 -0.013362 -0.050756 0.998622 0.000400 0.000000 0.000000 0.000000 1.000000
0.999569 -0.025820 0.013947 -0.000000 0.025082 0.998398 0.050726 0.086900 -0.015234 -0.050354 0.998615 0.000400 0.000000 0.000000 0.000000 1.000000
0.999553 -0.025919 0.014869 -0.000000 0.025141 0.998418 0.050298 0.086900 -0.016149 -0.049902 0.998624 0.000400 0.000000 0.000000 0.000000 1.000000
0.999549 -0.025914 0.015184 -0.000000 0.025125 0.998431 0.050034 0.086900 -0.016456 -0.049630 0.998632 0.000400 0.000000 0.000000 0.000000 1.000000
0.999552 -0.025798 0.015163 0.000000 0.025013 0.998442 0.049885 0.086900 -0.016426 -0.049483 0.998640 0.000400 0.000000 0.000000 0.000000 1.000000
0.999555 -0.025804 0.014994 -0.000000 0.025030 0.998450 0.049711 0.086900 -0.016254 -0.049313 0.998651 0.000400 0.000000 0.000000 0.000000 1.000000
0.999549 -0.026136 0.014756 0.000000 0.025373 0.998443 0.049677 0.086900 -0.016031 -0.049280 0.998656 0.000400 0.000000 0.000000 0.000000 1.000000
0.999540 -0.026658 0.014487 0.000000 0.025900 0.998403 0.050214 0.086900 -0.015802 -0.049816 0.998633 0.000400 0.000000 0.000000 0.000000 1.000000
0.999533 -0.027025 0.014264 0.000000 0.026257 0.998328 0.051493 0.086900 -0.015631 -0.051094 0.998571 0.000400 0.000000 0.000000 0.000000 1.000000
0.999534 -0.027039 0.014139 -0.000000 0.026253 0.998243 0.053117 0.086900 -0.015550 -0.052721 0.998488 0.000400 0.000000 0.000000 0.000000 1.000000
0.999543 -0.026755 0.014039 0.000000 0.025953 0.998177 0.054499 0.086900 -0.015472 -0.054109 0.998415 0.000400 0.000000 0.000000 0.000000 1.000000
0.999557 -0.026386 0.013784 0.000000 0.025583 0.998133 0.055467 0.086900 -0.015221 -0.055089 0.998365 0.000400 0.000000 0.000000 0.000000 1.000000
0.999571 -0.026131 0.013243 0.000000 0.025347 0.998094 0.056273 0.086900 -0.014688 -0.055913 0.998328 0.000400 0.000000 0.000000 0.000000 1.000000
0.999582 -0.026072 0.012496 -0.000000 0.025320 0.998052 0.057014 0.086900 -0.013958 -0.056673 0.998295 0.000400 0.000000 0.000000 0.000000 1.000000
0.999587 -0.026235 0.011729 0.000000 0.025521 0.998027 0.057364 0.086900 -0.013211 -0.057041 0.998284 0.000400 0.000000 0.000000 0.000000 1.000000
0.999585 -0.026598 0.011029 0.000000 0.025928 0.998037 0.057013 0.086900 -0.012524 -0.056703 0.998313 0.000400 0.000000 0.000000 0.000000 1.000000
0.999582 -0.026995 0.010315 0.000000 0.026375 0.998074 0.056155 0.086900 -0.011811 -0.055860 0.998369 0.000400 0.000000 0.000000 0.000000 1.000000
0.999587 -0.027143 0.009478 0.000000 0.026578 0.998113 0.055350 0.086900 -0.010963 -0.055075 0.998422 0.000400 0.000000 0.000000 0.000000 1.000000
0.999601 -0.026937 0.008539 0.000000 0.026428 0.998138 0.054966 0.086900 -0.010004 -0.054719 0.998452 0.000400 0.000000 0.000000 0.000000 1.000000
0.999616 -0.026639 0.007642 0.000000 0.026180 0.998146 0.054954 0.086900 -0.009092 -0.054732 0.998460 0.000400 0.000000 0.000000 0.000000 1.000000
0.999622 -0.026595 0.006913 0.000000 0.026174 0.998136 0.055140 0.086900 -0.008366 -0.054938 0.998455 0.000400 0.000000 0.000000 0.000000 1.000000
0.999621 -0.026799 0.006355 0.000000 0.026405 0.998109 0.055514 0.086900 -0.007831 -0.055325 0.998438 0.000400 0.000000 0.000000 0.000000 1.000000
0.999620 -0.026952 0.005855 0.000000 0.026582 0.998073 0.056062 0.086900 -0.007354 -0.055885 0.998410 0.000400 0.000000 0.000000 0.000000 1.000000
0.999624 -0.026899 0.005247 0.000000 0.026560 0.998049 0.056513 0.086900 -0.006757 -0.056352 0.998388 0.000400 0.000000 0.000000 0.000000 1.000000
0.999633 -0.026744 0.004404 0.000000 0.026453 0.998053 0.056479 0.086900 -0.005906 -0.056342 0.998394 0.000400 0.000000 0.000000 0.000000 1.000000
0.999643 -0.026525 0.003306 0.000000 0.026299 0.998094 0.055821 0.086900 -0.004780 -0.055714 0.998435 0.000400 0.000000 0.000000 0.000000 1.000000
0.999660 -0.026009 0.002067 0.000000 0.025857 0.998167 0.054718 0.086900 -0.003487 -0.054646 0.998500 0.000400 0.000000 0.000000 0.000000 1.000000
0.999691 -0.024858 0.000895 -0.000000 0.024775 0.998266 0.053404 0.086900 -0.002221 -0.053366 0.998573 0.000400 0.000000 0.000000 0.000000 1.000000
0.999739 -0.022833 -0.000020 0.000000 0.022804 0.998391 0.051919 0.086900 -0.001166 -0.051906 0.998651 0.000400 0.000000 0.000000 0.000000 1.000000
0.999803 -0.019841 -0.000619 0.000000 0.019847 0.998544 0.050151 0.086900 -0.000377 -0.050153 0.998741 0.000400 0.000000 0.000000 0.000000 1.000000
0.999873 -0.015909 -0.001035 0.000000 0.015941 0.998717 0.048067 0.086900 0.000269 -0.048078 0.998844 0.000400 0.000000 0.000000 0.000000 1.000000
0.999936 -0.011184 -0.001496 -0.000000 0.011241 0.998883 0.045899 0.086900 0.000981 -0.045913 0.998945 0.000400 0.000000 0.000000 0.000000 1.000000
0.999979 -0.006025 -0.002206 0.000000 0.006117 0.999012 0.044027 0.086900 0.001938 -0.044040 0.999028 0.000400 0.000000 0.000000 0.000000 1.000000
0.999994 -0.000954 -0.003360 0.000000 0.001097 0.999087 0.042708 0.086900 0.003316 -0.042711 0.999082 0.000400 0.000000 0.000000 0.000000 1.000000</float_array><technique_common><accessor source="#mixamorig_Spine-Matrix-animation-output-transform-array" count="81" stride="16"><param type="float4x4"/></accessor></technique_common></source><source id="mixamorig_Spine-Interpolations"><Name_array id="mixamorig_Spine-Interpolations-array" count="81">
 LINEAR LINEAR LINEAR LINEAR LINEAR LINEAR LINEAR LINEAR LINEAR LINEAR LINEAR
LINEAR LINEAR LINEAR LINEAR LINEAR LINEAR LINEAR LINEAR LINEAR LINEAR LINEAR LINEAR
LINEAR LINEAR LINEAR LINEAR LINEAR LINEAR LINEAR LINEAR LINEAR LINEAR LINEAR LINEAR
LINEAR LINEAR LINEAR LINEAR LINEAR LINEAR LINEAR LINEAR LINEAR LINEAR LINEAR LINEAR
LINEAR LINEAR LINEAR LINEAR LINEAR LINEAR LINEAR LINEAR LINEAR LINEAR LINEAR LINEAR
LINEAR LINEAR LINEAR LINEAR LINEAR LINEAR LINEAR LINEAR LINEAR LINEAR LINEAR LINEAR
LINEAR LINEAR LINEAR LINEAR LINEAR LINEAR LINEAR LINEAR LINEAR LINEAR</Name_array><technique_common><accessor source="#mixamorig_Spine-Interpolations-array" count="81"><param type="name"/></accessor></technique_common></source><sampler id="mixamorig_Spine-Matrix-animation-transform"><input semantic="INPUT" source="#mixamorig_Spine-Matrix-animation-input"/><input semantic="OUTPUT" source="#mixamorig_Spine-Matrix-animation-output-transform"/><input semantic="INTERPOLATION" source="#mixamorig_Spine-Interpolations"/></sampler><channel source="#mixamorig_Spine-Matrix-animation-transform" target="mixamorig_Spine/matrix"/></animation>
    <animation id="mixamorig_Spine1-anim" name="mixamorig_Spine1"><source id="mixamorig_Spine1-Matrix-animation-input"><float_array id="mixamorig_Spine1-Matrix-animation-input-array" count="81">

0.000000 0.033333 0.066667 0.100000 0.133333 0.166667 0.200000 0.233333 0.266667 0.300000 0.333333 0.366667 0.400000 0.433333 0.466667 0.500000
0.533333 0.566667 0.600000 0.633333 0.666667 0.700000 0.733333 0.766667 0.800000 0.833333 0.866667 0.900000 0.933333 0.966667 1.000000 1.033333
1.066667 1.100000 1.133333 1.166667 1.200000 1.233333 1.266667 1.300000 1.333333 1.366667 1.400000 1.433333 1.466667 1.500000 1.533333 1.566667
1.600000 1.633333 1.666667 1.700000 1.733333 1.766667 1.800000 1.833333 1.866667 1.900000 1.933333 1.966667 2.000000 2.033333 2.066667 2.100000
2.133333 2.166667 2.200000 2.233333 2.266667 2.300000 2.333333 2.366667 2.400000 2.433333 2.466667 2.500000 2.533333 2.566667 2.600000 2.633333
2.666667</float_array><technique_common><accessor source="#mixamorig_Spine1-Matrix-animation-input-array" count="81"><param name="TIME" type="float"/></accessor></technique_common></source><source id="mixamorig_Spine1-Matrix-animation-output-transform"><float_array id="mixamorig_Spine1-Matrix-animation-output-transform-array" count="1296">

0.999943 -0.008859 -0.005944 0.000000 0.009380 0.995506 0.094228 0.101300 0.005083 -0.094278 0.995533 0.000000 0.000000 0.000000 0.000000 1.000000
0.999958 -0.007586 -0.005119 0.000000 0.008026 0.995691 0.092390 0.101300 0.004396 -0.092427 0.995710 0.000000 0.000000 0.000000 0.000000 1.000000
0.999970 -0.006528 -0.004167 0.000000 0.006884 0.995725 0.092105 0.101300 0.003548 -0.092131 0.995741 -0.000000 0.000000 0.000000 0.000000 1.000000
0.999979 -0.005525 -0.003281 0.000000 0.005804 0.995697 0.092484 0.101300 0.002756 -0.092502 0.995709 -0.000000 0.000000 0.000000 0.000000 1.000000
0.999987 -0.004297 -0.002565 -0.000000 0.004516 0.995708 0.092439 0.101300 0.002157 -0.092449 0.995715 0.000000 0.000000 0.000000 0.000000 1.000000
0.999994 -0.002864 -0.002021 0.000000 0.003037 0.995798 0.091525 0.101300 0.001750 -0.091531 0.995801 -0.000000 0.000000 0.000000 0.000000 1.000000
0.999997 -0.001653 -0.001639 0.000000 0.001794 0.995932 0.090088 0.101300 0.001483 -0.090091 0.995932 0.000000 0.000000 0.000000 0.000000 1.000000
0.999998 -0.001077 -0.001435 -0.000000 0.001201 0.996054 0.088737 0.101300 0.001334 -0.088738 0.996054 0.000000 0.000000 0.000000 0.000000 1.000000
0.999998 -0.001078 -0.001455 0.000000 0.001202 0.996125 0.087941 0.101300 0.001355 -0.087943 0.996125 0.000000 0.000000 0.000000 0.000000 1.000000
0.999998 -0.001230 -0.001757 0.000000 0.001379 0.996115 0.088055 0.101300 0.001642 -0.088057 0.996114 0.000000 0.000000 0.000000 0.000000 1.000000
0.999996 -0.001277 -0.002343 0.000000 0.001482 0.995995 0.089393 0.101300 0.002220 -0.089396 0.995994 0.000000 0.000000 0.000000 0.000000 1.000000
0.999994 -0.001430 -0.003069 0.000000 0.001706 0.995763 0.091946 0.101300 0.002924 -0.091950 0.995759 0.000000 0.000000 0.000000 0.000000 1.000000
0.999991 -0.002032 -0.003675 0.000000 0.002372 0.995461 0.095138 0.101300 0.003466 -0.095146 0.995457 0.000000 0.000000 0.000000 0.000000 1.000000
0.999987 -0.003020 -0.003986 -0.000000 0.003397 0.995162 0.098193 0.101300 0.003670 -0.098205 0.995159 0.000000 0.000000 0.000000 0.000000 1.000000
0.999984 -0.003874 -0.004059 0.000000 0.004263 0.994900 0.100780 0.101300 0.003648 -0.100796 0.994900 0.000000 0.000000 0.000000 0.000000 1.000000
0.999983 -0.004172 -0.004100 0.000000 0.004573 0.994656 0.103145 0.101300 0.003647 -0.103162 0.994658 0.000000 0.000000 0.000000 0.000000 1.000000
0.999983 -0.004068 -0.004206 0.000000 0.004489 0.994393 0.105654 0.101300 0.003753 -0.105671 0.994394 0.000000 0.000000 0.000000 0.000000 1.000000
0.999983 -0.004042 -0.004264 0.000000 0.004480 0.994102 0.108359 0.101300 0.003800 -0.108376 0.994103 0.000000 0.000000 0.000000 0.000000 1.000000
0.999982 -0.004308 -0.004102 0.000000 0.004736 0.993814 0.110957 0.101300 0.003599 -0.110975 0.993817 0.000000 0.000000 0.000000 0.000000 1.000000
0.999982 -0.004624 -0.003694 0.000000 0.005012 0.993574 0.113072 0.101300 0.003147 -0.113089 0.993580 0.000000 0.000000 0.000000 0.000000 1.000000
0.999984 -0.004652 -0.003152 0.000000 0.004982 0.993416 0.114455 0.101300 0.002599 -0.114469 0.993423 0.000000 0.000000 0.000000 0.000000 1.000000
0.999987 -0.004338 -0.002606 0.000000 0.004609 0.993351 0.115031 0.101300 0.002089 -0.115042 0.993358 -0.000000 0.000000 0.000000 0.000000 1.000000
0.999990 -0.003894 -0.002100 -0.000000 0.004110 0.993364 0.114940 0.101300 0.001638 -0.114948 0.993370 -0.000000 0.000000 0.000000 0.000000 1.000000
0.999993 -0.003500 -0.001587 0.000000 0.003659 0.993405 0.114600 0.101300 0.001175 -0.114605 0.993410 0.000000 0.000000 0.000000 0.000000 1.000000
0.999995 -0.003088 -0.000977 0.000000 0.003180 0.993419 0.114491 0.101300 0.000617 -0.114493 0.993424 -0.000000 0.000000 0.000000 0.000000 1.000000
0.999997 -0.002434 -0.000219 0.000000 0.002443 0.993390 0.114760 0.101300 -0.000062 -0.114760 0.993393 -0.000000 0.000000 0.000000 0.000000 1.000000
0.999999 -0.001479 0.000667 0.000000 0.001392 0.993341 0.115205 0.101300 -0.000833 -0.115204 0.993341 0.000000 0.000000 0.000000 0.000000 1.000000
0.999999 -0.000465 0.001615 0.000000 0.000275 0.993276 0.115771 0.101300 -0.001658 -0.115770 0.993275 -0.000000 0.000000 0.000000 0.000000 1.000000
0.999997 0.000342 0.002535 -0.000000 -0.000636 0.993136 0.116965 0.101300 -0.002478 -0.116966 0.993133 0.000000 0.000000 0.000000 0.000000 1.000000
0.999994 0.001015 0.003283 0.000000 -0.001400 0.992843 0.119416 0.101300 -0.003138 -0.119420 0.992839 0.000000 0.000000 0.000000 0.000000 1.000000
0.999991 0.001829 0.003738 0.000000 -0.002275 0.992407 0.122974 0.101300 -0.003485 -0.122981 0.992403 0.000000 0.000000 0.000000 0.000000 1.000000
0.999988 0.002702 0.003994 -0.000000 -0.003186 0.991954 0.126557 0.101300 -0.003620 -0.126568 0.991951 -0.000000 0.000000 0.000000 0.000000 1.000000
0.999986 0.003056 0.004355 0.000000 -0.003593 0.991629 0.129069 0.101300 -0.003924 -0.129083 0.991626 0.000000 0.000000 0.000000 0.000000 1.000000
0.999984 0.002493 0.004986 0.000000 -0.003121 0.991480 0.130222 0.101300 -0.004618 -0.130235 0.991472 0.000000 0.000000 0.000000 0.000000 1.000000
0.999983 0.001431 0.005619 0.000000 -0.002151 0.991468 0.130332 0.101300 -0.005385 -0.130342 0.991455 0.000000 0.000000 0.000000 0.000000 1.000000
0.999983 0.000747 0.005765 0.000000 -0.001489 0.991554 0.129685 0.101300 -0.005620 -0.129692 0.991538 0.000000 0.000000 0.000000 0.000000 1.000000
0.999986 0.000789 0.005210 0.000000 -0.001451 0.991722 0.128395 0.101300 -0.005066 -0.128401 0.991709 0.000000 0.000000 0.000000 0.000000 1.000000
0.999991 0.000922 0.004206 0.000000 -0.001447 0.991956 0.126576 0.101300 -0.004056 -0.126581 0.991948 -0.000000 0.000000 0.000000 0.000000 1.000000
0.999995 0.000157 0.003160 -0.000000 -0.000549 0.992241 0.124326 0.101300 -0.003116 -0.124327 0.992236 0.000000 0.000000 0.000000 0.000000 1.000000
0.999996 -0.001804 0.002205 -0.000000 0.001522 0.992574 0.121635 0.101300 -0.002408 -0.121631 0.992572 0.000000 0.000000 0.000000 0.000000 1.000000
0.999990 -0.004244 0.001107 0.000000 0.004083 0.992929 0.118641 0.101300 -0.001603 -0.118636 0.992937 -0.000000 0.000000 0.000000 0.000000 1.000000
0.999981 -0.006142 -0.000388 0.000000 0.006145 0.993254 0.115797 0.101300 -0.000326 -0.115798 0.993273 -0.000000 0.000000 0.000000 0.000000 1.000000
0.999973 -0.007052 -0.002153 0.000000 0.007251 0.993504 0.113568 0.101300 0.001338 -0.113581 0.993528 -0.000000 0.000000 0.000000 0.000000 1.000000
0.999966 -0.007298 -0.003715 -0.000000 0.007668 0.993670 0.112073 0.101300 0.002873 -0.112098 0.993693 0.000000 0.000000 0.000000 0.000000 1.000000
0.999961 -0.007529 -0.004676 -0.000000 0.008002 0.993761 0.111244 0.101300 0.003809 -0.111277 0.993782 -0.000000 0.000000 0.000000 0.000000 1.000000
0.999954 -0.008243 -0.005004 0.000000 0.008748 0.993779 0.111025 0.101300 0.004058 -0.111064 0.993805 -0.000000 0.000000 0.000000 0.000000 1.000000
0.999941 -0.009653 -0.004945 0.000000 0.010143 0.993756 0.111110 0.101300 0.003842 -0.111153 0.993796 0.000000 0.000000 0.000000 0.000000 1.000000
0.999920 -0.011703 -0.004821 0.000000 0.012165 0.993756 0.110906 0.101300 0.003493 -0.110955 0.993819 -0.000000 0.000000 0.000000 0.000000 1.000000
0.999889 -0.014051 -0.004920 -0.000000 0.014508 0.993807 0.110167 0.101300 0.003341 -0.110226 0.993901 -0.000000 0.000000 0.000000 0.000000 1.000000
0.999854 -0.016190 -0.005416 0.000000 0.016685 0.993868 0.109303 0.101300 0.003613 -0.109378 0.993994 -0.000000 0.000000 0.000000 0.000000 1.000000
0.999822 -0.017800 -0.006284 0.000000 0.018378 0.993896 0.108776 0.101300 0.004310 -0.108872 0.994046 0.000000 0.000000 0.000000 0.000000 1.000000
0.999791 -0.019065 -0.007326 0.000000 0.019747 0.993902 0.108482 0.101300 0.005214 -0.108604 0.994071 0.000000 0.000000 0.000000 0.000000 1.000000
0.999756 -0.020470 -0.008315 0.000000 0.021250 0.993909 0.108140 0.101300 0.006051 -0.108290 0.994101 0.000000 0.000000 0.000000 0.000000 1.000000
0.999714 -0.022111 -0.009087 0.000000 0.022964 0.993877 0.108075 0.101300 0.006642 -0.108253 0.994101 -0.000000 0.000000 0.000000 0.000000 1.000000
0.999683 -0.023315 -0.009533 0.000000 0.024217 0.993731 0.109145 0.101300 0.006929 -0.109341 0.993980 0.000000 0.000000 0.000000 0.000000 1.000000
0.999684 -0.023247 -0.009609 0.000000 0.024176 0.993449 0.111693 0.101300 0.006949 -0.111890 0.993696 0.000000 0.000000 0.000000 0.000000 1.000000
0.999718 -0.021818 -0.009411 0.000000 0.022756 0.993113 0.114929 0.101300 0.006838 -0.115110 0.993329 0.000000 0.000000 0.000000 0.000000 1.000000
0.999764 -0.019713 -0.009171 0.000000 0.020656 0.992837 0.117680 0.101300 0.006785 -0.117842 0.993009 -0.000000 0.000000 0.000000 0.000000 1.000000
0.999802 -0.017675 -0.009091 -0.000000 0.018636 0.992646 0.119614 0.101300 0.006910 -0.119760 0.992779 -0.000000 0.000000 0.000000 0.000000 1.000000
0.999829 -0.016058 -0.009197 0.000000 0.017055 0.992478 0.121229 0.101300 0.007181 -0.121365 0.992582 0.000000 0.000000 0.000000 0.000000 1.000000
0.999844 -0.014981 -0.009377 0.000000 0.016019 0.992312 0.122718 0.101300 0.007467 -0.122849 0.992397 -0.000000 0.000000 0.000000 0.000000 1.000000
