<?xml version="1.0" encoding="utf-8"?>
<COLLADA xmlns="http://www.collada.org/2005/11/COLLADASchema" version="1.4.1">
  <asset><contributor><author>Mixamo</author><authoring_tool>COLLADA Mixamo exporter</authoring_tool><comments></comments></contributor><created>2019-12-12T17:56:38Z</created><modified>2019-12-12T17:56:38Z</modified><revision></revision><title></title><unit meter="0.010000"/><up_axis>Y_UP</up_axis></asset>
  <library_animations>
    <animation id="mixamorig_Hips-anim" name="mixamorig_Hips"><source id="mixamorig_Hips-Matrix-animation-input"><float_array id="mixamorig_Hips-Matrix-animation-input-array" count="464">

0.000000 0.033333 0.066667 0.100000 0.133333 0.166667 0.200000 0.233333 0.266667 0.300000 0.333333 0.366667 0.400000 0.433333 0.466667 0.500000
0.533333 0.566667 0.600000 0.633333 0.666667 0.700000 0.733333 0.766667 0.800000 0.833333 0.866667 0.900000 0.933333 0.966667 1.000000 1.033333
1.066667 1.100000 1.133333 1.166667 1.200000 1.233333 1.266667 1.300000 1.333333 1.366667 1.400000 1.433333 1.466667 1.500000 1.533333 1.566667
1.600000 1.633333 1.666667 1.700000 1.733333 1.766667 1.800000 1.833333 1.866667 1.900000 1.933333 1.966667 2.000000 2.033333 2.066667 2.100000
2.133333 2.166667 2.200000 2.233333 2.266667 2.300000 2.333333 2.366667 2.400000 2.433333 2.466667 2.500000 2.533333 2.566667 2.600000 2.633333
2.666667 2.700000 2.733333 2.766667 2.800000 2.833333 2.866667 2.900000 2.933333 2.966667 3.000000 3.033333 3.066667 3.100000 3.133333 3.166667
3.200000 3.233333 3.266667 3.300000 3.333333 3.366667 3.400000 3.433333 3.466667 3.500000 3.533333 3.566667 3.600000 3.633333 3.666667 3.700000
3.733333 3.766667 3.800000 3.833333 3.866667 3.900000 3.933333 3.966667 4.000000 4.033333 4.066667 4.100000 4.133333 4.166667 4.200000 4.233333
4.266667 4.300000 4.333333 4.366667 4.400000 4.433333 4.466667 4.500000 4.533333 4.566667 4.600000 4.633333 4.666667 4.700000 4.733333 4.766667
4.800000 4.833333 4.866667 4.900000 4.933333 4.966667 5.000000 5.033333 5.066667 5.100000 5.133333 5.166667 5.200000 5.233333 5.266667 5.300000
5.333333 5.366667 5.400000 5.433333 5.466667 5.500000 5.533333 5.566667 5.600000 5.633333 5.666667 5.700000 5.733333 5.766667 5.800000 5.833333
5.866667 5.900000 5.933333 5.966667 6.000000 6.033333 6.066667 6.100000 6.133333 6.166667 6.200000 6.233333 6.266667 6.300000 6.333333 6.366667
6.400000 6.433333 6.466667 6.500000 6.533333 6.566667 6.600000 6.633333 6.666667 6.700000 6.733333 6.766667 6.800000 6.833333 6.866667 6.900000
6.933333 6.966667 7.000000 7.033333 7.066667 7.100000 7.133333 7.166667 7.200000 7.233333 7.266667 7.300000 7.333333 7.366667 7.400000 7.433333
7.466667 7.500000 7.533333 7.566667 7.600000 7.633333 7.666667 7.700000 7.733333 7.766667 7.800000 7.833333 7.866667 7.900000 7.933333 7.966667
8.000000 8.033333 8.066667 8.100000 8.133333 8.166667 8.200000 8.233333 8.266667 8.300000 8.333333 8.366667 8.400000 8.433333 8.466667 8.500000
8.533333 8.566667 8.600000 8.633333 8.666667 8.700000 8.733333 8.766667 8.800000 8.833333 8.866667 8.900000 8.933333 8.966667 9.000000 9.033333
9.066667 9.100000 9.133333 9.166667 9.200000 9.233333 9.266667 9.300000 9.333333 9.366667 9.400000 9.433333 9.466667 9.500000 9.533333 9.566667
9.600000 9.633333 9.666667 9.700000 9.733333 9.766667 9.800000 9.833333 9.866667 9.900000 9.933333 9.966667 10.000000 10.033333 10.066667 10.100000
10.133333 10.166667 10.200000 10.233333 10.266667 10.300000 10.333333 10.366667 10.400000 10.433333 10.466667 10.500000 10.533333 10.566667 10.600000 10.633333
10.666667 10.700000 10.733333 10.766667 10.800000 10.833333 10.866667 10.900000 10.933333 10.966667 11.000000 11.033333 11.066667 11.100000 11.133333 11.166667
11.200000 11.233333 11.266667 11.300000 11.333333 11.366667 11.400000 11.433333 11.466667 11.500000 11.533333 11.566667 11.600000 11.633333 11.666667 11.700000
11.733333 11.766667 11.800000 11.833333 11.866667 11.900000 11.933333 11.966667 12.000000 12.033333 12.066667 12.100000 12.133333 12.166667 12.200000 12.233333
12.266667 12.300000 12.333333 12.366667 12.400000 12.433333 12.466667 12.500000 12.533333 12.566667 12.600000 12.633333 12.666667 12.700000 12.733333 12.766667
12.800000 12.833333 12.866667 12.900000 12.933333 12.966667 13.000000 13.033333 13.066667 13.100000 13.133333 13.166667 13.200000 13.233333 13.266667 13.300000
13.333333 13.366667 13.400000 13.433333 13.466667 13.500000 13.533333 13.566667 13.600000 13.633333 13.666667 13.700000 13.733333 13.766667 13.800000 13.833333
13.866667 13.900000 13.933333 13.966667 14.000000 14.033333 14.066667 14.100000 14.133333 14.166667 14.200000 14.233333 14.266667 14.300000 14.333333 14.366667
14.400000 14.433333 14.466667 14.500000 14.533333 14.566667 14.600000 14.633333 14.666667 14.700000 14.733333 14.766667 14.800000 14.833333 14.866667 14.900000
14.933333 14.966667 15.000000 15.033333 15.066667 15.100000 15.133333 15.166667 15.200000 15.233333 15.266667 15.300000 15.333333 15.366667 15.400000 15.433333</float_array><technique_common><accessor source="#mixamorig_Hips-Matrix-animation-input-array" count="464"><param name="TIME" type="float"/></accessor></technique_common></source><source id="mixamorig_Hips-Matrix-animation-output-transform"><float_array id="mixamorig_Hips-Matrix-animation-output-transform-array" count="7424">

0.982866 0.053367 -0.176424 -0.002800 -0.053674 0.998554 0.003033 0.548422 0.176331 0.006488 0.984310 -0.003103 0.000000 0.000000 0.000000 1.000000
0.974254 0.067251 -0.215189 -0.001181 -0.060146 0.997412 0.039403 0.547810 0.217282 -0.025445 0.975777 -0.002397 0.000000 0.000000 0.000000 1.000000
0.964405 0.071136 -0.254680 -0.000131 -0.056470 0.996322 0.064451 0.546544 0.258328 -0.047775 0.964875 -0.001607 0.000000 0.000000 0.000000 1.000000
0.960207 0.065579 -0.271481 0.000053 -0.045651 0.995822 0.079086 0.544774 0.275533 -0.063546 0.959189 -0.000766 0.000000 0.000000 0.000000 1.000000
0.961017 0.055349 -0.270894 -0.000752 -0.032031 0.995449 0.089756 0.542752 0.274628 -0.077580 0.958416 -0.000072 0.000000 0.000000 0.000000 1.000000
0.963465 0.044220 -0.264158 -0.002677 -0.018007 0.994739 0.100843 0.540532 0.267228 -0.092402 0.959193 0.000171 0.000000 0.000000 0.000000 1.000000
0.967219 0.032898 -0.251803 -0.005393 -0.004445 0.993614 0.112742 0.538431 0.253904 -0.107927 0.961189 -0.000201 0.000000 0.000000 0.000000 1.000000
0.972288 0.022121 -0.232736 -0.008093 0.007182 0.992217 0.124314 0.536679 0.233674 -0.122541 0.964562 -0.001021 0.000000 0.000000 0.000000 1.000000
0.976693 0.014252 -0.214168 -0.009848 0.014683 0.991019 0.132910 0.535608 0.214139 -0.132957 0.967712 -0.001833 0.000000 0.000000 0.000000 1.000000
0.977855 0.010261 -0.209030 -0.010220 0.018538 0.990624 0.135350 0.536032 0.208459 -0.136227 0.968497 -0.002092 0.000000 0.000000 0.000000 1.000000
0.974373 0.009130 -0.224752 -0.008909 0.020467 0.991433 0.129006 0.538000 0.224005 -0.130300 0.965838 -0.001571 0.000000 0.000000 0.000000 1.000000
0.966477 0.010806 -0.256527 -0.005632 0.018597 0.993543 0.111918 0.540021 0.256080 -0.112937 0.960036 -0.000891 0.000000 0.000000 0.000000 1.000000
0.956464 0.016258 -0.291397 -0.001283 0.009010 0.996327 0.085160 0.541441 0.291711 -0.084078 0.952804 -0.001066 0.000000 0.000000 0.000000 1.000000
0.951779 0.026064 -0.305675 0.002733 -0.010047 0.998498 0.053856 0.542368 0.306620 -0.048187 0.950611 -0.002830 0.000000 0.000000 0.000000 1.000000
0.964125 0.036967 -0.262862 0.005257 -0.032290 0.999234 0.022094 0.543400 0.263477 -0.012813 0.964580 -0.005721 0.000000 0.000000 0.000000 1.000000
0.986650 0.041703 -0.157423 0.005633 -0.043429 0.999028 -0.007538 0.545112 0.156956 0.014274 0.987502 -0.008360 0.000000 0.000000 0.000000 1.000000
0.998135 0.036453 -0.048970 0.003636 -0.037723 0.998969 -0.025264 0.546210 0.047999 0.027064 0.998481 -0.009896 0.000000 0.000000 0.000000 1.000000
0.999587 0.026032 0.012194 -0.000141 -0.025751 0.999412 -0.022624 0.546491 -0.012775 0.022300 0.999670 -0.010354 0.000000 0.000000 0.000000 1.000000
0.998759 0.017438 0.046662 -0.005072 -0.017357 0.999847 -0.002140 0.546090 -0.046692 0.001328 0.998908 -0.010080 0.000000 0.000000 0.000000 1.000000
0.994486 0.010576 0.104330 -0.011261 -0.013332 0.999579 0.025754 0.544947 -0.104014 -0.027003 0.994209 -0.009156 0.000000 0.000000 0.000000 1.000000
0.976281 0.000681 0.216505 -0.018880 -0.011639 0.998714 0.049344 0.543024 -0.216193 -0.050693 0.975034 -0.007431 0.000000 0.000000 0.000000 1.000000
0.924318 -0.015679 0.381300 -0.027471 -0.009855 0.997842 0.064921 0.540223 -0.381495 -0.063766 0.922169 -0.004794 0.000000 0.000000 0.000000 1.000000
0.827118 -0.039040 0.560670 -0.036332 -0.005389 0.996988 0.077371 0.536061 -0.562002 -0.067017 0.824417 -0.001231 0.000000 0.000000 0.000000 1.000000
0.703471 -0.065599 0.707690 -0.044719 0.002256 0.995932 0.090076 0.530457 -0.710721 -0.061769 0.700757 0.003158 0.000000 0.000000 0.000000 1.000000
0.588729 -0.086926 0.803643 -0.051929 0.012147 0.995040 0.098730 0.524357 -0.808239 -0.048364 0.586865 0.008018 0.000000 0.000000 0.000000 1.000000
0.500273 -0.096553 0.860467 -0.056781 0.022535 0.994879 0.098534 0.518058 -0.865574 -0.029903 0.499887 0.012609 0.000000 0.000000 0.000000 1.000000
0.435085 -0.097013 0.895148 -0.058928 0.032271 0.995220 0.092173 0.512507 -0.899811 -0.011216 0.436136 0.016024 0.000000 0.000000 0.000000 1.000000
0.400445 -0.094347 0.911451 -0.059276 0.040153 0.995537 0.085410 0.509920 -0.915440 0.002395 0.402446 0.017820 0.000000 0.000000 0.000000 1.000000
0.411928 -0.088337 0.906924 -0.058654 0.039541 0.996085 0.079062 0.511308 -0.910358 0.003293 0.413808 0.018062 0.000000 0.000000 0.000000 1.000000
0.456199 -0.074476 0.886756 -0.058582 0.026045 0.997182 0.070352 0.514924 -0.889496 -0.008999 0.456854 0.017145 0.000000 0.000000 0.000000 1.000000
0.492838 -0.051225 0.868612 -0.059670 0.003092 0.998362 0.057122 0.517915 -0.870115 -0.025466 0.492190 0.015534 0.000000 0.000000 0.000000 1.000000
0.495966 -0.024602 0.867993 -0.060834 -0.017413 0.999116 0.038268 0.519466 -0.868167 -0.034094 0.495099 0.013915 0.000000 0.000000 0.000000 1.000000
0.481747 -0.004356 0.876299 -0.060795 -0.023648 0.999559 0.017969 0.520107 -0.875991 -0.029379 0.481432 0.012528 0.000000 0.000000 0.000000 1.000000
0.478665 0.003276 0.877991 -0.059848 -0.015412 0.999870 0.004672 0.520475 -0.877862 -0.015768 0.478654 0.010868 0.000000 0.000000 0.000000 1.000000
0.488887 0.001346 0.872346 -0.058093 -0.006554 0.999976 0.002130 0.521173 -0.872323 -0.006758 0.488884 0.008482 0.000000 0.000000 0.000000 1.000000
0.501109 -0.007162 0.865354 -0.056251 -0.002315 0.999951 0.009616 0.520661 -0.865381 -0.006822 0.501068 0.005675 0.000000 0.000000 0.000000 1.000000
0.510029 -0.022714 0.859858 -0.054608 0.001287 0.999670 0.025643 0.517948 -0.860157 -0.011972 0.509890 0.003240 0.000000 0.000000 0.000000 1.000000
0.518542 -0.044290 0.853905 -0.053021 0.006905 0.998842 0.047615 0.514443 -0.855024 -0.018794 0.518247 0.001760 0.000000 0.000000 0.000000 1.000000
0.524459 -0.065685 0.848898 -0.051742 0.012792 0.997515 0.069282 0.511766 -0.851339 -0.025477 0.523996 0.001228 0.000000 0.000000 0.000000 1.000000
0.518716 -0.078777 0.851310 -0.050868 0.015242 0.996440 0.082920 0.510650 -0.854811 -0.030037 0.518069 0.001430 0.000000 0.000000 0.000000 1.000000
0.501401 -0.081481 0.861370 -0.050254 0.015079 0.996227 0.085461 0.510730 -0.865084 -0.029862 0.500738 0.002258 0.000000 0.000000 0.000000 1.000000
0.484460 -0.077810 0.871346 -0.049807 0.015277 0.996637 0.080505 0.511499 -0.874680 -0.025690 0.484020 0.003518 0.000000 0.000000 0.000000 1.000000
0.475530 -0.072282 0.876725 -0.049821 0.015383 0.997150 0.073866 0.512600 -0.879565 -0.021639 0.475287 0.004758 0.000000 0.000000 0.000000 1.000000
0.468399 -0.068425 0.880863 -0.050826 0.013479 0.997434 0.070313 0.513188 -0.883414 -0.021062 0.468120 0.005568 0.000000 0.000000 0.000000 1.000000
0.456893 -0.070777 0.886701 -0.053009 0.009448 0.997159 0.074725 0.511895 -0.889472 -0.025764 0.456264 0.005996 0.000000 0.000000 0.000000 1.000000
0.443548 -0.083648 0.892339 -0.056071 0.004277 0.995821 0.091223 0.507874 -0.896241 -0.036645 0.442052 0.006246 0.000000 0.000000 0.000000 1.000000
0.432178 -0.107424 0.895367 -0.060002 -0.000172 0.992870 0.119205 0.502529 -0.901788 -0.051671 0.429078 0.006448 0.000000 0.000000 0.000000 1.000000
0.427118 -0.136683 0.893805 -0.065804 -0.001417 0.988406 0.151827 0.499672 -0.904195 -0.066115 0.421973 0.006800 0.000000 0.000000 0.000000 1.000000
0.430794 -0.161225 0.887932 -0.074485 0.002624 0.984132 0.177419 0.502348 -0.902447 -0.074101 0.424381 0.007514 0.000000 0.000000 0.000000 1.000000
0.431807 -0.168716 0.886046 -0.086350 0.006986 0.982946 0.183763 0.508558 -0.901939 -0.073160 0.425621 0.008423 0.000000 0.000000 0.000000 1.000000
0.416880 -0.153887 0.895840 -0.100562 0.002971 0.985790 0.167956 0.512602 -0.908957 -0.067356 0.411413 0.009141 0.000000 0.000000 0.000000 1.000000
0.388681 -0.130058 0.912147 -0.119699 -0.003689 0.989760 0.142696 0.513413 -0.921365 -0.058828 0.384221 0.010394 0.000000 0.000000 0.000000 1.000000
0.362727 -0.117370 0.924475 -0.144493 -0.003266 0.991871 0.127208 0.511843 -0.931890 -0.049161 0.359395 0.012319 0.000000 0.000000 0.000000 1.000000
0.352946 -0.120575 0.927842 -0.170860 0.003953 0.991845 0.127389 0.509262 -0.935635 -0.041294 0.350544 0.014019 0.000000 0.000000 0.000000 1.000000
0.356702 -0.126715 0.925585 -0.193320 0.010974 0.991259 0.131477 0.503904 -0.934154 -0.036740 0.354974 0.014277 0.000000 0.000000 0.000000 1.000000
0.361795 -0.124153 0.923954 -0.212134 0.010418 0.991569 0.129159 0.498360 -0.932200 -0.037103 0.360038 0.014113 0.000000 0.000000 0.000000 1.000000
0.357022 -0.116496 0.926803 -0.227789 0.002619 0.992313 0.123722 0.491060 -0.934092 -0.041744 0.354583 0.013967 0.000000 0.000000 0.000000 1.000000
0.341543 -0.111870 0.933185 -0.241361 -0.008784 0.992468 0.122192 0.482120 -0.939825 -0.049930 0.337988 0.014074 0.000000 0.000000 0.000000 1.000000
0.316009 -0.112502 0.942062 -0.253070 -0.021337 0.991851 0.125605 0.474065 -0.948516 -0.059793 0.311033 0.014603 0.000000 0.000000 0.000000 1.000000
0.280026 -0.118704 0.952625 -0.263350 -0.034989 0.990404 0.133697 0.468181 -0.959355 -0.070770 0.273186 0.015275 0.000000 0.000000 0.000000 1.000000
0.246938 -0.132749 0.959896 -0.273982 -0.047786 0.987699 0.148887 0.463429 -0.967852 -0.082636 0.237557 0.015392 0.000000 0.000000 0.000000 1.000000
0.245584 -0.151651 0.957439 -0.286897 -0.052777 0.984131 0.169416 0.458761 -0.967937 -0.092136 0.233683 0.014564 0.000000 0.000000 0.000000 1.000000
0.282425 -0.163482 0.945256 -0.302577 -0.045794 0.981951 0.183511 0.455838 -0.958196 -0.095115 0.269841 0.012985 0.000000 0.000000 0.000000 1.000000
0.329679 -0.156056 0.931106 -0.320033 -0.038303 0.983221 0.178352 0.458367 -0.943316 -0.094463 0.318170 0.010719 0.000000 0.000000 0.000000 1.000000
0.371518 -0.125583 0.919893 -0.337866 -0.045614 0.987144 0.153186 0.468158 -0.927305 -0.098871 0.361013 0.007275 0.000000 0.000000 0.000000 1.000000
0.423024 -0.078034 0.902752 -0.354924 -0.067542 0.990798 0.117294 0.482419 -0.903598 -0.110592 0.413861 0.002493 0.000000 0.000000 0.000000 1.000000
0.493536 -0.028187 0.869268 -0.370800 -0.092359 0.992125 0.084609 0.496448 -0.864807 -0.122042 0.487046 -0.002860 0.000000 0.000000 0.000000 1.000000
0.570710 0.010110 0.821089 -0.386832 -0.113470 0.991302 0.066663 0.508459 -0.813274 -0.131214 0.566894 -0.008295 0.000000 0.000000 0.000000 1.000000
0.637264 0.041589 0.769523 -0.405066 -0.142081 0.987766 0.064277 0.522102 -0.757435 -0.150296 0.635376 -0.014786 0.000000 0.000000 0.000000 1.000000
0.683065 0.069408 0.727052 -0.421813 -0.171362 0.982916 0.067161 0.533402 -0.709970 -0.170464 0.683290 -0.021041 0.000000 0.000000 0.000000 1.000000
0.721848 0.098806 0.684962 -0.435742 -0.198835 0.977635 0.068518 0.541291 -0.662873 -0.185655 0.725349 -0.026606 0.000000 0.000000 0.000000 1.000000
0.770960 0.127924 0.623904 -0.447056 -0.220146 0.972763 0.072583 0.545941 -0.597625 -0.193308 0.778123 -0.031439 0.000000 0.000000 0.000000 1.000000
0.829790 0.152077 0.536955 -0.456268 -0.232289 0.968966 0.084538 0.548219 -0.507435 -0.194877 0.839365 -0.035381 0.000000 0.000000 0.000000 1.000000
0.884918 0.168487 0.434202 -0.464248 -0.233440 0.967168 0.100460 0.548883 -0.403020 -0.190259 0.895196 -0.037656 0.000000 0.000000 0.000000 1.000000
0.926523 0.176347 0.332349 -0.471871 -0.224037 0.968261 0.110803 0.548308 -0.302261 -0.177120 0.936625 -0.037177 0.000000 0.000000 0.000000 1.000000
0.952827 0.176209 0.247126 -0.479724 -0.207841 0.972163 0.108176 0.547479 -0.221185 -0.154435 0.962926 -0.033623 0.000000 0.000000 0.000000 1.000000
0.969475 0.169678 0.176999 -0.488495 -0.188337 0.977552 0.094457 0.548162 -0.156998 -0.124909 0.979668 -0.028510 0.000000 0.000000 0.000000 1.000000
0.983219 0.156409 0.093901 -0.499139 -0.164239 0.982973 0.082394 0.549217 -0.079415 -0.096434 0.992166 -0.024610 0.000000 0.000000 0.000000 1.000000
0.990245 0.138659 -0.013760 -0.510445 -0.137101 0.987201 0.081470 0.550301 0.024881 -0.078789 0.996581 -0.024280 0.000000 0.000000 0.000000 1.000000
0.986723 0.126517 -0.101836 -0.521699 -0.117939 0.989266 0.086276 0.550131 0.111658 -0.073120 0.991053 -0.026985 0.000000 0.000000 0.000000 1.000000
0.983561 0.126113 -0.129239 -0.532463 -0.115578 0.989566 0.086033 0.549645 0.138741 -0.069681 0.987874 -0.030372 0.000000 0.000000 0.000000 1.000000
0.984896 0.131695 -0.112408 -0.542942 -0.123519 0.989361 0.076865 0.550627 0.121335 -0.061819 0.990685 -0.032232 0.000000 0.000000 0.000000 1.000000
0.986985 0.132954 -0.090463 -0.553643 -0.127093 0.989574 0.067751 0.552442 0.098528 -0.055372 0.993593 -0.032117 0.000000 0.000000 0.000000 1.000000
0.987462 0.130277 -0.089149 -0.564706 -0.124220 0.989752 0.070433 0.553329 0.097411 -0.058476 0.993525 -0.030990 0.000000 0.000000 0.000000 1.000000
0.985009 0.133707 -0.108997 -0.576059 -0.125077 0.988709 0.082529 0.553031 0.118801 -0.067659 0.990610 -0.030129 0.000000 0.000000 0.000000 1.000000
0.980179 0.145596 -0.134357 -0.587836 -0.134189 0.986822 0.090417 0.552192 0.145751 -0.070596 0.986799 -0.030340 0.000000 0.000000 0.000000 1.000000
0.976160 0.154960 -0.151986 -0.599916 -0.143198 0.985988 0.085569 0.550755 0.163116 -0.061765 0.984672 -0.031714 0.000000 0.000000 0.000000 1.000000
0.975645 0.153772 -0.156434 -0.611249 -0.144054 0.986966 0.071735 0.547944 0.165426 -0.047453 0.985080 -0.034189 0.000000 0.000000 0.000000 1.000000
0.976829 0.148719 -0.153905 -0.620799 -0.141638 0.988330 0.056058 0.543242 0.160446 -0.032961 0.986494 -0.037944 0.000000 0.000000 0.000000 1.000000
0.975304 0.150032 -0.162089 -0.628360 -0.146238 0.988624 0.035157 0.537503 0.165519 -0.010586 0.986150 -0.043120 0.000000 0.000000 0.000000 1.000000
0.968539 0.156361 -0.193605 -0.634084 -0.160425 0.987033 -0.005395 0.532390 0.190251 0.036284 0.981065 -0.048981 0.000000 0.000000 0.000000 1.000000
0.959593 0.157890 -0.232919 -0.638716 -0.179948 0.980691 -0.076573 0.528601 0.216332 0.115393 0.969477 -0.053865 0.000000 0.000000 0.000000 1.000000
0.954478 0.151521 -0.256931 -0.642758 -0.198726 0.965387 -0.168926 0.525765 0.222442 0.212295 0.951552 -0.056824 0.000000 0.000000 0.000000 1.000000
0.951592 0.142907 -0.272121 -0.646193 -0.214254 0.943201 -0.253903 0.523414 0.220381 0.299915 0.928161 -0.058238 0.000000 0.000000 0.000000 1.000000
0.946623 0.135823 -0.292330 -0.649176 -0.228374 0.922612 -0.310856 0.521263 0.227486 0.361024 0.904385 -0.058831 0.000000 0.000000 0.000000 1.000000
0.944473 0.130132 -0.301721 -0.651436 -0.234775 0.909687 -0.342565 0.519346 0.229893 0.394381 0.889726 -0.058842 0.000000 0.000000 0.000000 1.000000
0.949764 0.124786 -0.287014 -0.652250 -0.226834 0.906309 -0.356583 0.517865 0.215626 0.403774 0.889085 -0.058356 0.000000 0.000000 0.000000 1.000000
0.956805 0.118259 -0.265591 -0.651525 -0.210513 0.911884 -0.352352 0.517086 0.200520 0.393043 0.897390 -0.057752 0.000000 0.000000 0.000000 1.000000
0.959208 0.109909 -0.260461 -0.649982 -0.195938 0.922609 -0.332267 0.517406 0.203785 0.369748 0.906509 -0.057255 0.000000 0.000000 0.000000 1.000000
0.958595 0.101281 -0.266153 -0.648026 -0.183316 0.934685 -0.304563 0.519303 0.217923 0.340743 0.914551 -0.056532 0.000000 0.000000 0.000000 1.000000
0.960978 0.092443 -0.260720 -0.645281 -0.164452 0.948787 -0.269737 0.522873 0.222432 0.302087 0.926967 -0.055347 0.000000 0.000000 0.000000 1.000000
0.966715 0.082082 -0.242332 -0.641793 -0.137304 0.965639 -0.220655 0.527630 0.215893 0.246584 0.944768 -0.054267 0.000000 0.000000 0.000000 1.000000
0.971167 0.072860 -0.226996 -0.638770 -0.111726 0.980217 -0.163377 0.531557 0.210601 0.184027 0.960094 -0.053825 0.000000 0.000000 0.000000 1.000000
0.973473 0.069413 -0.218018 -0.637815 -0.097302 0.988006 -0.119901 0.532735 0.207081 0.137934 0.968551 -0.053963 0.000000 0.000000 0.000000 1.000000
0.975128 0.070752 -0.210048 -0.639294 -0.093681 0.990436 -0.101289 0.531281 0.200873 0.118448 0.972430 -0.054476 0.000000 0.000000 0.000000 1.000000
0.975893 0.071279 -0.206283 -0.642264 -0.093126 0.990800 -0.098202 0.528732 0.197385 0.115045 0.973552 -0.055611 0.000000 0.000000 0.000000 1.000000
0.975682 0.069185 -0.207984 -0.645835 -0.091320 0.990911 -0.098775 0.526048 0.199260 0.115367 0.973132 -0.057723 0.000000 0.000000 0.000000 1.000000
0.975152 0.067892 -0.210878 -0.649691 -0.090401 0.990973 -0.098997 0.523170 0.202253 0.115601 0.972487 -0.060561 0.000000 0.000000 0.000000 1.000000
0.975208 0.069171 -0.210203 -0.653476 -0.091317 0.991034 -0.097536 0.520175 0.201572 0.114313 0.972780 -0.063413 0.000000 0.000000 0.000000 1.000000
0.975454 0.069142 -0.209065 -0.656672 -0.089892 0.991746 -0.091427 0.517870 0.201018 0.107976 0.973618 -0.065662 0.000000 0.000000 0.000000 1.000000
0.973913 0.063637 -0.217817 -0.658599 -0.082675 0.993406 -0.079428 0.517030 0.211326 0.095364 0.972752 -0.066893 0.000000 0.000000 0.000000 1.000000
0.971931 0.054253 -0.228927 -0.658659 -0.071627 0.995092 -0.068277 0.518099 0.224099 0.082758 0.971046 -0.067007 0.000000 0.000000 0.000000 1.000000
0.973072 0.044996 -0.226067 -0.656836 -0.061697 0.995819 -0.067360 0.520901 0.222091 0.079494 0.971780 -0.066233 0.000000 0.000000 0.000000 1.000000
0.975966 0.035369 -0.215035 -0.653803 -0.052912 0.995674 -0.076381 0.524117 0.211403 0.085923 0.973615 -0.065437 0.000000 0.000000 0.000000 1.000000
0.977876 0.022634 -0.207957 -0.650154 -0.041116 0.995533 -0.084988 0.526275 0.205105 0.091658 0.974439 -0.065597 0.000000 0.000000 0.000000 1.000000
0.979243 0.009839 -0.202450 -0.646171 -0.027416 0.996071 -0.084205 0.526903 0.200826 0.088007 0.975666 -0.066887 0.000000 0.000000 0.000000 1.000000
0.980507 0.005742 -0.196399 -0.642318 -0.020510 0.997103 -0.073243 0.525990 0.195409 0.075843 0.977785 -0.068716 0.000000 0.000000 0.000000 1.000000
0.980649 0.016031 -0.195115 -0.638816 -0.027437 0.998059 -0.055898 0.523488 0.193840 0.060170 0.979186 -0.070471 0.000000 0.000000 0.000000 1.000000
0.978405 0.038223 -0.203130 -0.634896 -0.046200 0.998330 -0.034672 0.519258 0.201465 0.043308 0.978538 -0.072006 0.000000 0.000000 0.000000 1.000000
0.972698 0.066406 -0.222372 -0.629061 -0.070497 0.997457 -0.010504 0.512568 0.221109 0.025894 0.974905 -0.073465 0.000000 0.000000 0.000000 1.000000
0.963613 0.096873 -0.249131 -0.620692 -0.096484 0.995239 0.013804 0.503142 0.249282 0.010736 0.968371 -0.074834 0.000000 0.000000 0.000000 1.000000
0.953069 0.128472 -0.274142 -0.610489 -0.124099 0.991711 0.033309 0.491251 0.276149 0.002275 0.961112 -0.075859 0.000000 0.000000 0.000000 1.000000
0.942058 0.160334 -0.294653 -0.599798 -0.153437 0.987062 0.046542 0.477698 0.298303 0.001365 0.954470 -0.076461 0.000000 0.000000 0.000000 1.000000
0.928956 0.192997 -0.315901 -0.589480 -0.183605 0.981196 0.059536 0.463873 0.321451 0.002694 0.946922 -0.076760 0.000000 0.000000 0.000000 1.000000
0.913696 0.228784 -0.335884 -0.579527 -0.214478 0.973477 0.079635 0.450935 0.345195 -0.000722 0.938531 -0.076956 0.000000 0.000000 0.000000 1.000000
0.899336 0.266759 -0.346461 -0.570691 -0.244296 0.963684 0.107854 0.440564 0.362650 -0.012358 0.931844 -0.077221 0.000000 0.000000 0.000000 1.000000
0.887106 0.301827 -0.349204 -0.564204 -0.269025 0.952878 0.140177 0.433308 0.375058 -0.030407 0.926502 -0.077305 0.000000 0.000000 0.000000 1.000000
0.875982 0.330300 -0.351507 -0.560247 -0.287013 0.942630 0.170503 0.427722 0.387659 -0.048471 0.920528 -0.076692 0.000000 0.000000 0.000000 1.000000
0.866762 0.352764 -0.352535 -0.558939 -0.301411 0.933706 0.193246 0.423348 0.397334 -0.061240 0.915628 -0.075216 0.000000 0.000000 0.000000 1.000000
0.860322 0.372458 -0.348025 -0.559986 -0.315630 0.925339 0.210060 0.420234 0.400280 -0.070872 0.913648 -0.073168 0.000000 0.000000 0.000000 1.000000
0.855885 0.390156 -0.339467 -0.562278 -0.327616 0.916928 0.227837 0.417749 0.400159 -0.083787 0.912607 -0.071042 0.000000 0.000000 0.000000 1.000000
0.854811 0.401228 -0.329110 -0.564236 -0.332880 0.910480 0.245391 0.415835 0.398106 -0.100208 0.911850 -0.069402 0.000000 0.000000 0.000000 1.000000
0.858649 0.400720 -0.319602 -0.564951 -0.329863 0.909264 0.253830 0.415569 0.392318 -0.112526 0.912921 -0.068528 0.000000 0.000000 0.000000 1.000000
0.861677 0.392385 -0.321786 -0.564277 -0.321188 0.912649 0.252806 0.417400 0.392875 -0.114484 0.912438 -0.067951 0.000000 0.000000 0.000000 1.000000
0.855403 0.386306 -0.345041 -0.562697 -0.311934 0.916010 0.252235 0.420502 0.413501 -0.108132 0.904060 -0.066960 0.000000 0.000000 0.000000 1.000000
0.842238 0.385900 -0.376453 -0.560753 -0.305217 0.916927 0.257075 0.423816 0.444385 -0.101619 0.890053 -0.065582 0.000000 0.000000 0.000000 1.000000
0.835398 0.385246 -0.392042 -0.558753 -0.299503 0.917125 0.263020 0.426746 0.460878 -0.102309 0.881546 -0.064493 0.000000 0.000000 0.000000 1.000000
0.840264 0.380276 -0.386453 -0.556708 -0.292702 0.918154 0.267057 0.428745 0.456378 -0.111283 0.882799 -0.064101 0.000000 0.000000 0.000000 1.000000
0.848892 0.373745 -0.373760 -0.554537 -0.285399 0.919284 0.271043 0.429333 0.444893 -0.123415 0.887039 -0.064101 0.000000 0.000000 0.000000 1.000000
0.855253 0.368692 -0.364154 -0.552532 -0.279326 0.919879 0.275316 0.428559 0.436484 -0.133747 0.889715 -0.063958 0.000000 0.000000 0.000000 1.000000
0.861611 0.364517 -0.353206 -0.551123 -0.275340 0.920255 0.278061 0.426979 0.426397 -0.142329 0.893268 -0.063503 0.000000 0.000000 0.000000 1.000000
0.871375 0.359626 -0.333729 -0.550307 -0.272809 0.920528 0.279649 0.425292 0.407776 -0.152635 0.900234 -0.062988 0.000000 0.000000 0.000000 1.000000
0.883617 0.352980 -0.307613 -0.549929 -0.269109 0.920514 0.283257 0.424241 0.383147 -0.167509 0.908372 -0.062749 0.000000 0.000000 0.000000 1.000000
0.895506 0.344507 -0.281751 -0.549930 -0.262991 0.920350 0.289468 0.424656 0.359033 -0.185122 0.914781 -0.062759 0.000000 0.000000 0.000000 1.000000
0.905838 0.334142 -0.260397 -0.550561 -0.255485 0.921228 0.293371 0.426550 0.337912 -0.199219 0.919852 -0.062569 0.000000 0.000000 0.000000 1.000000
0.915948 0.320707 -0.241218 -0.551961 -0.247076 0.924345 0.290756 0.429330 0.316217 -0.206718 0.925891 -0.061941 0.000000 0.000000 0.000000 1.000000
0.928661 0.301600 -0.215931 -0.554023 -0.235255 0.928974 0.285766 0.432615 0.286781 -0.214581 0.933655 -0.061426 0.000000 0.000000 0.000000 1.000000
0.944763 0.274624 -0.178900 -0.556824 -0.216928 0.933108 0.286796 0.435519 0.245694 -0.232146 0.941139 -0.061997 0.000000 0.000000 0.000000 1.000000
0.960588 0.240906 -0.138692 -0.560792 -0.192284 0.936161 0.294329 0.436773 0.200744 -0.256061 0.945587 -0.063843 0.000000 0.000000 0.000000 1.000000
0.972327 0.204919 -0.112197 -0.565214 -0.163661 0.940172 0.298817 0.435861 0.166718 -0.272186 0.947692 -0.065929 0.000000 0.000000 0.000000 1.000000
0.980213 0.170230 -0.101013 -0.569617 -0.134307 0.946835 0.292343 0.434163 0.145408 -0.272991 0.950964 -0.066979 0.000000 0.000000 0.000000 1.000000
0.985517 0.136490 -0.100631 -0.574497 -0.104029 0.955262 0.276860 0.432589 0.133918 -0.262382 0.955626 -0.066962 0.000000 0.000000 0.000000 1.000000
0.988799 0.101180 -0.109720 -0.579604 -0.070359 0.964327 0.255192 0.431073 0.131626 -0.244614 0.960645 -0.066855 0.000000 0.000000 0.000000 1.000000
0.989699 0.064113 -0.128003 -0.585360 -0.033621 0.973198 0.227499 0.429004 0.139158 -0.220852 0.965329 -0.067550 0.000000 0.000000 0.000000 1.000000
0.987600 0.027039 -0.154647 -0.592579 0.004334 0.979985 0.199025 0.426518 0.156934 -0.197227 0.967715 -0.069493 0.000000 0.000000 0.000000 1.000000
0.983020 -0.008907 -0.183282 -0.601240 0.042265 0.982957 0.178913 0.423596 0.178565 -0.183622 0.966643 -0.072751 0.000000 0.000000 0.000000 1.000000
0.978453 -0.043149 -0.201913 -0.610554 0.077991 0.982709 0.167930 0.419909 0.191175 -0.180059 0.964899 -0.076749 0.000000 0.000000 0.000000 1.000000
0.974507 -0.074167 -0.211745 -0.620081 0.108367 0.981988 0.154776 0.415828 0.196452 -0.173776 0.964991 -0.080393 0.000000 0.000000 0.000000 1.000000
0.968121 -0.099858 -0.229716 -0.629899 0.132050 0.982774 0.129300 0.412332 0.212848 -0.155512 0.964631 -0.082982 0.000000 0.000000 0.000000 1.000000
0.959329 -0.119255 -0.255862 -0.639699 0.148217 0.984186 0.097005 0.409577 0.240248 -0.130983 0.961834 -0.084637 0.000000 0.000000 0.000000 1.000000
0.953234 -0.133282 -0.271259 -0.648252 0.158112 0.984812 0.071740 0.406614 0.257577 -0.111274 0.959829 -0.085866 0.000000 0.000000 0.000000 1.000000
0.952391 -0.144263 -0.268587 -0.654552 0.165500 0.984499 0.058059 0.403004 0.256048 -0.099746 0.961504 -0.087109 0.000000 0.000000 0.000000 1.000000
0.953395 -0.154613 -0.259101 -0.659088 0.173322 0.983552 0.050846 0.399543 0.246978 -0.093384 0.964511 -0.088398 0.000000 0.000000 0.000000 1.000000
0.954930 -0.165957 -0.246105 -0.662818 0.182901 0.981983 0.047502 0.397078 0.233787 -0.090373 0.968079 -0.089265 0.000000 0.000000 0.000000 1.000000
0.960223 -0.180479 -0.213071 -0.665482 0.195565 0.979321 0.051812 0.395550 0.199313 -0.091421 0.975662 -0.089306 0.000000 0.000000 0.000000 1.000000
0.965798 -0.201998 -0.162574 -0.666455 0.214738 0.974516 0.064855 0.394614 0.145330 -0.097548 0.984563 -0.088922 0.000000 0.000000 0.000000 1.000000
0.963908 -0.231376 -0.131707 -0.666432 0.243248 0.966457 0.082408 0.394682 0.108222 -0.111471 0.987857 -0.089113 0.000000 0.000000 0.000000 1.000000
0.955264 -0.259964 -0.141032 -0.666810 0.275377 0.955748 0.103503 0.396645 0.107884 -0.137709 0.984580 -0.090475 0.000000 0.000000 0.000000 1.000000
0.945798 -0.272790 -0.176215 -0.667978 0.296635 0.946528 0.126855 0.400526 0.132188 -0.172251 0.976143 -0.092616 0.000000 0.000000 0.000000 1.000000
0.942389 -0.262987 -0.206739 -0.669224 0.295210 0.944486 0.144213 0.405064 0.157336 -0.196936 0.967709 -0.094485 0.000000 0.000000 0.000000 1.000000
0.947347 -0.241021 -0.210814 -0.669950 0.274635 0.950106 0.147897 0.408683 0.164649 -0.198006 0.966273 -0.095306 0.000000 0.000000 0.000000 1.000000
0.954209 -0.223852 -0.198432 -0.670082 0.253946 0.956762 0.141838 0.410494 0.158101 -0.185734 0.969797 -0.095233 0.000000 0.000000 0.000000 1.000000
0.958656 -0.217319 -0.183718 -0.669820 0.244559 0.959266 0.141419 0.410670 0.145501 -0.180502 0.972753 -0.094871 0.000000 0.000000 0.000000 1.000000
0.960562 -0.215803 -0.175356 -0.669307 0.242649 0.958513 0.149582 0.409756 0.135800 -0.186233 0.973075 -0.094564 0.000000 0.000000 0.000000 1.000000
0.960183 -0.214890 -0.178527 -0.668595 0.243404 0.957128 0.157036 0.408099 0.137128 -0.194237 0.971323 -0.094427 0.000000 0.000000 0.000000 1.000000
0.960125 -0.214846 -0.178886 -0.667742 0.244396 0.955726 0.163884 0.405998 0.135756 -0.201068 0.970125 -0.094392 0.000000 0.000000 0.000000 1.000000
0.963084 -0.214746 -0.162335 -0.666820 0.242215 0.954413 0.174438 0.403758 0.117475 -0.207318 0.971195 -0.094027 0.000000 0.000000 0.000000 1.000000
0.966375 -0.212127 -0.145333 -0.665780 0.236856 0.954349 0.181980 0.401533 0.100096 -0.210284 0.972503 -0.092925 0.000000 0.000000 0.000000 1.000000
0.967778 -0.208329 -0.141438 -0.664673 0.232298 0.955426 0.182202 0.399585 0.097175 -0.209187 0.973035 -0.091358 0.000000 0.000000 0.000000 1.000000
0.967882 -0.207901 -0.141358 -0.663806 0.231828 0.955600 0.181890 0.398298 0.097267 -0.208819 0.973105 -0.090068 0.000000 0.000000 0.000000 1.000000
0.967252 -0.210907 -0.141214 -0.663439 0.234966 0.954445 0.183918 0.397813 0.095992 -0.211075 0.972745 -0.089461 0.000000 0.000000 0.000000 1.000000
0.967049 -0.210860 -0.142670 -0.663414 0.235092 0.954680 0.182532 0.398034 0.097715 -0.210058 0.972794 -0.089447 0.000000 0.000000 0.000000 1.000000
0.968562 -0.202645 -0.144300 -0.663075 0.226235 0.958744 0.172127 0.398929 0.103466 -0.199361 0.974448 -0.090035 0.000000 0.000000 0.000000 1.000000
0.969436 -0.189302 -0.156075 -0.662111 0.212718 0.965496 0.150229 0.400757 0.122251 -0.178838 0.976254 -0.091399 0.000000 0.000000 0.000000 1.000000
0.967970 -0.177119 -0.177939 -0.661269 0.200473 0.971935 0.123097 0.404076 0.151143 -0.154826 0.976312 -0.093331 0.000000 0.000000 0.000000 1.000000
0.968124 -0.164624 -0.188774 -0.661325 0.186509 0.976868 0.104609 0.409296 0.167186 -0.136483 0.976433 -0.095359 0.000000 0.000000 0.000000 1.000000
0.971996 -0.143682 -0.185954 -0.662145 0.164013 0.981484 0.098938 0.416179 0.168295 -0.126666 0.977565 -0.097317 0.000000 0.000000 0.000000 1.000000
0.975716 -0.111468 -0.188554 -0.663287 0.130724 0.987052 0.092946 0.424135 0.175752 -0.115338 0.977655 -0.099383 0.000000 0.000000 0.000000 1.000000
0.976295 -0.072691 -0.203872 -0.664545 0.089479 0.993209 0.074363 0.432686 0.197082 -0.090843 0.976169 -0.101860 0.000000 0.000000 0.000000 1.000000
0.972679 -0.030493 -0.230144 -0.665142 0.042908 0.997870 0.049132 0.440804 0.228156 -0.057665 0.971915 -0.104831 0.000000 0.000000 0.000000 1.000000
0.963809 0.017110 -0.266043 -0.663818 -0.008010 0.999346 0.035252 0.447047 0.266472 -0.031845 0.963316 -0.107624 0.000000 0.000000 0.000000 1.000000
0.949882 0.071637 -0.304291 -0.660624 -0.062121 0.997232 0.040851 0.451527 0.306375 -0.019900 0.951703 -0.109033 0.000000 0.000000 0.000000 1.000000
0.930192 0.132579 -0.342295 -0.656450 -0.119830 0.991085 0.058232 0.454268 0.346964 -0.013149 0.937786 -0.108471 0.000000 0.000000 0.000000 1.000000
0.903350 0.195835 -0.381586 -0.652996 -0.178996 0.980631 0.079525 0.454966 0.389769 -0.003536 0.920906 -0.106669 0.000000 0.000000 0.000000 1.000000
0.874217 0.253233 -0.414267 -0.650994 -0.231401 0.967388 0.103025 0.454429 0.426846 0.005795 0.904306 -0.104742 0.000000 0.000000 0.000000 1.000000
0.851575 0.297722 -0.431488 -0.650101 -0.268930 0.954626 0.127927 0.452992 0.449997 0.007100 0.893002 -0.102827 0.000000 0.000000 0.000000 1.000000
0.838105 0.329367 -0.434853 -0.649200 -0.290947 0.944198 0.154405 0.451703 0.461443 -0.002888 0.887165 -0.100631 0.000000 0.000000 0.000000 1.000000
0.834747 0.350403 -0.424753 -0.647928 -0.301192 0.936323 0.180507 0.451210 0.460956 -0.022745 0.887132 -0.098051 0.000000 0.000000 0.000000 1.000000
0.844417 0.359762 -0.396903 -0.646420 -0.303426 0.931825 0.199085 0.452082 0.441467 -0.047680 0.896010 -0.095179 0.000000 0.000000 0.000000 1.000000
0.865338 0.355000 -0.353786 -0.644291 -0.298369 0.932070 0.205479 0.454434 0.402698 -0.072250 0.912477 -0.091886 0.000000 0.000000 0.000000 1.000000
0.889267 0.337493 -0.308713 -0.640809 -0.284254 0.936563 0.205061 0.458169 0.358336 -0.094601 0.928788 -0.087914 0.000000 0.000000 0.000000 1.000000
0.908019 0.312309 -0.279223 -0.635091 -0.260517 0.942917 0.207458 0.463703 0.328075 -0.115634 0.937548 -0.083298 0.000000 0.000000 0.000000 1.000000
0.919811 0.283391 -0.271360 -0.626716 -0.229707 0.949639 0.213120 0.471656 0.318090 -0.133697 0.938586 -0.078290 0.000000 0.000000 0.000000 1.000000
0.928227 0.253083 -0.272662 -0.616350 -0.198238 0.956700 0.213137 0.481750 0.314797 -0.143788 0.938205 -0.073104 0.000000 0.000000 0.000000 1.000000
0.936275 0.225849 -0.269038 -0.604550 -0.173940 0.963500 0.203502 0.492885 0.305179 -0.143738 0.941385 -0.067999 0.000000 0.000000 0.000000 1.000000
0.944051 0.204038 -0.259108 -0.591635 -0.157273 0.969086 0.190101 0.503561 0.289886 -0.138714 0.946955 -0.063289 0.000000 0.000000 0.000000 1.000000
0.950248 0.183038 -0.252042 -0.578414 -0.139670 0.973613 0.180473 0.512384 0.278425 -0.136292 0.950739 -0.059129 0.000000 0.000000 0.000000 1.000000
0.953866 0.157733 -0.255460 -0.565693 -0.114705 0.977786 0.175436 0.519027 0.277457 -0.138040 0.950769 -0.055351 0.000000 0.000000 0.000000 1.000000
0.955032 0.130837 -0.266076 -0.554414 -0.087565 0.981808 0.168482 0.524258 0.283279 -0.137606 0.949114 -0.051654 0.000000 0.000000 0.000000 1.000000
0.955723 0.109037 -0.273320 -0.545722 -0.068710 0.985831 0.153025 0.528465 0.286133 -0.127470 0.949673 -0.048295 0.000000 0.000000 0.000000 1.000000
0.956508 0.092185 -0.276757 -0.540195 -0.057954 0.989894 0.129426 0.531146 0.285891 -0.107758 0.952184 -0.045921 0.000000 0.000000 0.000000 1.000000
0.955581 0.074788 -0.285080 -0.537057 -0.046842 0.993513 0.103626 0.532550 0.290981 -0.085670 0.952886 -0.044673 0.000000 0.000000 0.000000 1.000000
0.952164 0.056454 -0.300327 -0.534744 -0.033612 0.996172 0.080692 0.533231 0.303733 -0.066737 0.950417 -0.044271 0.000000 0.000000 0.000000 1.000000
0.948466 0.043009 -0.313947 -0.532576 -0.024748 0.997774 0.061921 0.533175 0.315912 -0.050960 0.947419 -0.044757 0.000000 0.000000 0.000000 1.000000
0.952468 0.036659 -0.302425 -0.531200 -0.023670 0.998638 0.046504 0.532589 0.303717 -0.037135 0.952038 -0.046206 0.000000 0.000000 0.000000 1.000000
0.967863 0.032832 -0.249327 -0.531277 -0.025673 0.999161 0.031912 0.532208 0.250166 -0.024485 0.967893 -0.048088 0.000000 0.000000 0.000000 1.000000
0.984704 0.029141 -0.171781 -0.532354 -0.027061 0.999529 0.014438 0.532424 0.172121 -0.009569 0.985029 -0.049426 0.000000 0.000000 0.000000 1.000000
0.995122 0.030648 -0.093769 -0.533182 -0.031553 0.999469 -0.008182 0.532918 0.093468 0.011101 0.995560 -0.049738 0.000000 0.000000 0.000000 1.000000
0.999038 0.040893 -0.015834 -0.533472 -0.041411 0.998566 -0.033928 0.533401 0.014424 0.034551 0.999299 -0.049290 0.000000 0.000000 0.000000 1.000000
0.995385 0.056191 0.077794 -0.534053 -0.051692 0.996938 -0.058677 0.533219 -0.080852 0.054385 0.995241 -0.048647 0.000000 0.000000 0.000000 1.000000
0.979641 0.072341 0.187271 -0.535265 -0.057980 0.995021 -0.081065 0.532441 -0.192203 0.068556 0.978958 -0.048102 0.000000 0.000000 0.000000 1.000000
0.951088 0.087283 0.296332 -0.536676 -0.060045 0.993192 -0.099824 0.531949 -0.303027 0.077148 0.949854 -0.047492 0.000000 0.000000 0.000000 1.000000
0.905525 0.094587 0.413615 -0.538115 -0.053964 0.992593 -0.108845 0.531873 -0.420847 0.076241 0.903922 -0.046275 0.000000 0.000000 0.000000 1.000000
0.832557 0.084250 0.547495 -0.539156 -0.036564 0.994569 -0.097445 0.531604 -0.552731 0.061110 0.831116 -0.043735 0.000000 0.000000 0.000000 1.000000
0.741049 0.052595 0.669388 -0.539014 -0.015787 0.998017 -0.060939 0.530645 -0.671266 0.034591 0.740409 -0.039822 0.000000 0.000000 0.000000 1.000000
0.657960 0.009042 0.752999 -0.538230 0.000168 0.999926 -0.012154 0.529059 -0.753053 0.008123 0.657910 -0.035592 0.000000 0.000000 0.000000 1.000000
0.602246 -0.027565 0.797835 -0.537859 0.009975 0.999586 0.027005 0.527456 -0.798249 -0.008305 0.602271 -0.032157 0.000000 0.000000 0.000000 1.000000
0.581264 -0.044528 0.812496 -0.538170 0.015205 0.998922 0.043866 0.527060 -0.813573 -0.013144 0.581314 -0.029879 0.000000 0.000000 0.000000 1.000000
0.596084 -0.044026 0.801714 -0.538649 0.016511 0.998957 0.042582 0.528137 -0.802752 -0.012145 0.596189 -0.028608 0.000000 0.000000 0.000000 1.000000
0.629406 -0.037140 0.776188 -0.538897 0.014638 0.999247 0.035943 0.529680 -0.776939 -0.011260 0.629476 -0.028107 0.000000 0.000000 0.000000 1.000000
0.653080 -0.032493 0.756591 -0.539337 0.013029 0.999413 0.031675 0.530614 -0.757177 -0.010828 0.653121 -0.028039 0.000000 0.000000 0.000000 1.000000
0.655825 -0.030851 0.754282 -0.540442 0.013692 0.999486 0.028975 0.530753 -0.754789 -0.008675 0.655911 -0.027813 0.000000 0.000000 0.000000 1.000000
0.648690 -0.027961 0.760539 -0.541737 0.013932 0.999594 0.024867 0.530270 -0.760925 -0.005535 0.648816 -0.026967 0.000000 0.000000 0.000000 1.000000
