<?xml version="1.0" encoding="utf-8"?>
<COLLADA xmlns="http://www.collada.org/2005/11/COLLADASchema" version="1.4.1">
  <asset><contributor><author>Mixamo</author><authoring_tool>COLLADA Mixamo exporter</authoring_tool><comments></comments></contributor><created>2019-12-12T17:53:08Z</created><modified>2019-12-12T17:53:08Z</modified><revision></revision><title></title><unit meter="0.010000"/><up_axis>Y_UP</up_axis></asset>
  <library_animations>
    <animation id="mixamorig_Hips-anim" name="mixamorig_Hips"><source id="mixamorig_Hips-Matrix-animation-input"><float_array id="mixamorig_Hips-Matrix-animation-input-array" count="27">

0.000000 0.033333 0.066667 0.100000 0.133333 0.166667 0.200000 0.233333 0.266667 0.300000 0.333333 0.366667 0.400000 0.433333 0.466667 0.500000
0.533333 0.566667 0.600000 0.633333 0.666667 0.700000 0.733333 0.766667 0.800000 0.833333 0.866667</float_array><technique_common><accessor source="#mixamorig_Hips-Matrix-animation-input-array" count="27"><param name="TIME" type="float"/></accessor></technique_common></source><source id="mixamorig_Hips-Matrix-animation-output-transform"><float_array id="mixamorig_Hips-Matrix-animation-output-transform-array" count="432">

0.995774 -0.047493 0.078597 -0.000254 0.048841 0.998689 -0.015319 0.505465 -0.077767 0.019093 0.996789 -0.012093 0.000000 0.000000 0.000000 1.000000
0.996065 -0.033085 0.082219 -0.002607 0.034331 0.999315 -0.013792 0.504666 -0.081706 0.016561 0.996519 -0.014441 0.000000 0.000000 0.000000 1.000000
0.997315 -0.016506 0.071341 -0.004652 0.017279 0.999798 -0.010244 0.505850 -0.071158 0.011449 0.997399 -0.016181 0.000000 0.000000 0.000000 1.000000
0.998783 -0.000196 0.049319 -0.006849 0.000450 0.999987 -0.005128 0.510705 -0.049317 0.005144 0.998770 -0.016708 0.000000 0.000000 0.000000 1.000000
0.999509 0.009879 0.029719 -0.009169 -0.009826 0.999950 -0.001914 0.517712 -0.029737 0.001621 0.999556 -0.016239 0.000000 0.000000 0.000000 1.000000
0.999659 0.009660 0.024262 -0.011484 -0.009555 0.999945 -0.004425 0.525963 -0.024303 0.004192 0.999696 -0.015143 0.000000 0.000000 0.000000 1.000000
0.999527 0.003300 0.030565 -0.013210 -0.002930 0.999922 -0.012140 0.533535 -0.030603 0.012044 0.999459 -0.013861 0.000000 0.000000 0.000000 1.000000
0.999548 -0.002246 0.029977 -0.013691 0.002922 0.999742 -0.022547 0.538204 -0.029918 0.022625 0.999296 -0.012698 0.000000 0.000000 0.000000 1.000000
0.999970 -0.005171 0.005702 -0.012941 0.005372 0.999340 -0.035927 0.539537 -0.005512 0.035956 0.999338 -0.011263 0.000000 0.000000 0.000000 1.000000
0.999207 -0.007476 -0.039110 -0.011476 0.005414 0.998603 -0.052556 0.538362 0.039448 0.052302 0.997852 -0.009228 0.000000 0.000000 0.000000 1.000000
0.996355 -0.007946 -0.084934 -0.009745 0.002220 0.997730 -0.067300 0.534903 0.085276 0.066866 0.994111 -0.007104 0.000000 0.000000 0.000000 1.000000
0.993148 -0.003685 -0.116808 -0.008053 -0.004901 0.997310 -0.073131 0.528852 0.116763 0.073202 0.990458 -0.005985 0.000000 0.000000 0.000000 1.000000
0.990623 0.000330 -0.136626 -0.006666 -0.010052 0.997463 -0.070474 0.520597 0.136256 0.071186 0.988113 -0.007475 0.000000 0.000000 0.000000 1.000000
0.988031 -0.003366 -0.154216 -0.005624 -0.006881 0.997805 -0.065868 0.513753 0.154099 0.066141 0.985839 -0.009624 0.000000 0.000000 0.000000 1.000000
0.985255 -0.020869 -0.169817 -0.004962 0.010474 0.998029 -0.061878 0.510606 0.170774 0.059187 0.983531 -0.011614 0.000000 0.000000 0.000000 1.000000
0.983212 -0.049802 -0.175538 -0.004285 0.040764 0.997669 -0.054723 0.510308 0.177854 0.046648 0.982951 -0.013396 0.000000 0.000000 0.000000 1.000000
0.982044 -0.082557 -0.169628 -0.003080 0.076362 0.996164 -0.042736 0.512605 0.172505 0.029016 0.984581 -0.015839 0.000000 0.000000 0.000000 1.000000
0.980859 -0.106610 -0.162944 -0.001754 0.102672 0.994187 -0.032430 0.516050 0.165454 0.015080 0.986102 -0.016031 0.000000 0.000000 0.000000 1.000000
0.979769 -0.113029 -0.165156 -0.000446 0.109284 0.993507 -0.031622 0.521454 0.167658 0.012934 0.985760 -0.015279 0.000000 0.000000 0.000000 1.000000
0.979809 -0.103005 -0.171363 0.000390 0.097855 0.994465 -0.038253 0.528174 0.174355 0.020712 0.984465 -0.013853 0.000000 0.000000 0.000000 1.000000
0.982322 -0.087435 -0.165524 0.000346 0.081359 0.995750 -0.043150 0.533574 0.168593 0.028920 0.985261 -0.013119 0.000000 0.000000 0.000000 1.000000
0.987733 -0.073420 -0.137818 -0.000369 0.068270 0.996793 -0.041740 0.535851 0.140440 0.031819 0.989578 -0.012852 0.000000 0.000000 0.000000 1.000000
0.993637 -0.062221 -0.093880 -0.001128 0.058990 0.997580 -0.036811 0.534547 0.095943 0.031039 0.994903 -0.012556 0.000000 0.000000 0.000000 1.000000
0.997458 -0.053991 -0.046503 -0.001427 0.052528 0.998102 -0.032134 0.529887 0.048149 0.029609 0.998401 -0.012056 0.000000 0.000000 0.000000 1.000000
0.998762 -0.049637 -0.003179 -0.001229 0.049530 0.998384 -0.027863 0.522215 0.004557 0.027671 0.999607 -0.011786 0.000000 0.000000 0.000000 1.000000
0.998278 -0.044882 0.037766 -0.000715 0.045746 0.998703 -0.022343 0.512737 -0.036714 0.024032 0.999037 -0.012545 0.000000 0.000000 0.000000 1.000000
0.995880 -0.039077 0.081829 -0.000217 0.040443 0.999068 -0.015104 0.501511 -0.081163 0.018351 0.996532 -0.014597 0.000000 0.000000 0.000000 1.000000</float_array><technique_common><accessor source="#mixamorig_Hips-Matrix-animation-output-transform-array" count="27" stride="16"><param type="float4x4"/></accessor></technique_common></source><source id="mixamorig_Hips-Interpolations"><Name_array id="mixamorig_Hips-Interpolations-array" count="27">
 LINEAR LINEAR LINEAR LINEAR LINEAR LINEAR LINEAR LINEAR LINEAR LINEAR LINEAR
LINEAR LINEAR LINEAR LINEAR LINEAR LINEAR LINEAR LINEAR LINEAR LINEAR LINEAR LINEAR
LINEAR LINEAR LINEAR LINEAR</Name_array><technique_common><accessor source="#mixamorig_Hips-Interpolations-array" count="27"><param type="name"/></accessor></technique_common></source><sampler id="mixamorig_Hips-Matrix-animation-transform"><input semantic="INPUT" source="#mixamorig_Hips-Matrix-animation-input"/><input semantic="OUTPUT" source="#mixamorig_Hips-Matrix-animation-output-transform"/><input semantic="INTERPOLATION" source="#mixamorig_Hips-Interpolations"/></sampler><channel source="#mixamorig_Hips-Matrix-animation-transform" target="mixamorig_Hips/matrix"/></animation>
    <animation id="mixamorig_Spine-anim" name="mixamorig_Spine"><source id="mixamorig_Spine-Matrix-animation-input"><float_array id="mixamorig_Spine-Matrix-animation-input-array" count="27">

0.000000 0.033333 0.066667 0.100000 0.133333 0.166667 0.200000 0.233333 0.266667 0.300000 0.333333 0.366667 0.400000 0.433333 0.466667 0.500000
0.533333 0.566667 0.600000 0.633333 0.666667 0.700000 0.733333 0.766667 0.800000 0.833333 0.866667</float_array><technique_common><accessor source="#mixamorig_Spine-Matrix-animation-input-array" count="27"><param name="TIME" type="float"/></accessor></technique_common></source><source id="mixamorig_Spine-Matrix-animation-output-transform"><float_array id="mixamorig_Spine-Matrix-animation-output-transform-array" count="432">

0.999634 -0.001430 -0.027017 0.000000 0.000516 0.999429 -0.033780 0.086900 0.027050 0.033754 0.999064 0.000400 0.000000 0.000000 0.000000 1.000000
0.999581 -0.007314 -0.028001 0.000000 0.006326 0.999361 -0.035190 0.086900 0.028241 0.034998 0.998988 0.000400 0.000000 0.000000 0.000000 1.000000
0.999548 -0.010750 -0.028072 0.000000 0.009744 0.999314 -0.035720 0.086900 0.028437 0.035430 0.998967 0.000400 0.000000 0.000000 0.000000 1.000000
0.999666 -0.007273 -0.024803 0.000000 0.006406 0.999371 -0.034869 0.086900 0.025041 0.034698 0.999084 0.000400 0.000000 0.000000 0.000000 1.000000
0.999771 -0.002186 -0.021310 -0.000000 0.001438 0.999385 -0.035030 0.086900 0.021374 0.034991 0.999159 0.000400 0.000000 0.000000 0.000000 1.000000
0.999815 0.002274 -0.019122 -0.000000 -0.002954 0.999360 -0.035638 0.086900 0.019029 0.035687 0.999182 0.000400 0.000000 0.000000 0.000000 1.000000
0.999800 0.004452 -0.019479 0.000000 -0.005145 0.999351 -0.035643 0.086900 0.019308 0.035736 0.999175 0.000400 0.000000 0.000000 0.000000 1.000000
0.999810 0.002355 -0.019369 -0.000000 -0.003024 0.999398 -0.034576 0.086900 0.019276 0.034628 0.999214 0.000400 0.000000 0.000000 0.000000 1.000000
0.999886 -0.003393 -0.014746 0.000000 0.002920 0.999482 -0.032040 0.086900 0.014847 0.031994 0.999378 0.000400 0.000000 0.000000 0.000000 1.000000
0.999933 -0.010141 -0.005523 0.000000 0.009983 0.999560 -0.027928 0.086900 0.005804 0.027871 0.999595 0.000400 0.000000 0.000000 0.000000 1.000000
0.999835 -0.017514 0.004809 0.000000 0.017620 0.999580 -0.023019 0.086900 -0.004404 0.023100 0.999723 0.000400 0.000000 0.000000 0.000000 1.000000
0.999602 -0.025134 0.012794 0.000000 0.025370 0.999505 -0.018579 0.086900 -0.012321 0.018897 0.999746 0.000400 0.000000 0.000000 0.000000 1.000000
0.999546 -0.025189 0.016514 0.000000 0.025455 0.999547 -0.016083 0.086900 -0.016102 0.016496 0.999734 0.000400 0.000000 0.000000 0.000000 1.000000
0.999775 -0.013838 0.016060 -0.000000 0.014099 0.999769 -0.016246 0.086900 -0.015832 0.016469 0.999739 0.000400 0.000000 0.000000 0.000000 1.000000
0.999920 0.004033 0.011957 0.000000 -0.003817 0.999831 -0.017959 0.086900 -0.012027 0.017912 0.999767 0.000400 0.000000 0.000000 0.000000 1.000000
0.999811 0.018321 0.006498 0.000000 -0.018190 0.999642 -0.019599 0.086900 -0.006855 0.019477 0.999787 0.000400 0.000000 0.000000 0.000000 1.000000
0.999581 0.028877 0.002017 0.000000 -0.028828 0.999354 -0.021443 0.086900 -0.002635 0.021376 0.999768 0.000400 0.000000 0.000000 0.000000 1.000000
0.999267 0.038280 0.000255 0.000000 -0.038263 0.998985 -0.023748 0.086900 -0.001164 0.023721 0.999718 0.000400 0.000000 0.000000 0.000000 1.000000
0.999021 0.044219 0.001390 -0.000000 -0.044169 0.998698 -0.025529 0.086900 -0.002518 0.025443 0.999673 0.000400 0.000000 0.000000 0.000000 1.000000
0.999077 0.042728 0.004468 0.000000 -0.042597 0.998753 -0.026046 0.086900 -0.005576 0.025832 0.999651 0.000400 0.000000 0.000000 0.000000 1.000000
0.999253 0.038129 0.006269 -0.000000 -0.037954 0.998943 -0.025919 0.086900 -0.007251 0.025661 0.999644 0.000400 0.000000 0.000000 0.000000 1.000000
0.999382 0.034938 0.003837 0.000000 -0.034828 0.999060 -0.025810 0.086900 -0.004735 0.025660 0.999660 0.000400 0.000000 0.000000 0.000000 1.000000
0.999464 0.032647 -0.002587 -0.000000 -0.032703 0.999130 -0.025878 0.086900 0.001739 0.025949 0.999662 0.000400 0.000000 0.000000 0.000000 1.000000
0.999550 0.028013 -0.010685 -0.000000 -0.028291 0.999240 -0.026809 0.086900 0.009926 0.027100 0.999583 0.000400 0.000000 0.000000 0.000000 1.000000
0.999623 0.020281 -0.018486 0.000000 -0.020817 0.999354 -0.029304 0.086900 0.017880 0.029678 0.999400 0.000400 0.000000 0.000000 0.000000 1.000000
0.999699 0.006630 -0.023609 -0.000000 -0.007378 0.999469 -0.031727 0.086900 0.023386 0.031891 0.999218 0.000400 0.000000 0.000000 0.000000 1.000000
0.999501 -0.009992 -0.029975 0.000000 0.008968 0.999378 -0.034092 0.086900 0.030297 0.033806 0.998969 0.000400 0.000000 0.000000 0.000000 1.000000</float_array><technique_common><accessor source="#mixamorig_Spine-Matrix-animation-output-transform-array" count="27" stride="16"><param type="float4x4"/></accessor></technique_common></source><source id="mixamorig_Spine-Interpolations"><Name_array id="mixamorig_Spine-Interpolations-array" count="27">
 LINEAR LINEAR LINEAR LINEAR LINEAR LINEAR LINEAR LINEAR LINEAR LINEAR LINEAR
LINEAR LINEAR LINEAR LINEAR LINEAR LINEAR LINEAR LINEAR LINEAR LINEAR LINEAR LINEAR
LINEAR LINEAR LINEAR LINEAR</Name_array><technique_common><accessor source="#mixamorig_Spine-Interpolations-array" count="27"><param type="name"/></accessor></technique_common></source><sampler id="mixamorig_Spine-Matrix-animation-transform"><input semantic="INPUT" source="#mixamorig_Spine-Matrix-animation-input"/><input semantic="OUTPUT" source="#mixamorig_Spine-Matrix-animation-output-transform"/><input semantic="INTERPOLATION" source="#mixamorig_Spine-Interpolations"/></sampler><channel source="#mixamorig_Spine-Matrix-animation-transform" target="mixamorig_Spine/matrix"/></animation>
    <animation id="mixamorig_Spine1-anim" name="mixamorig_Spine1"><source id="mixamorig_Spine1-Matrix-animation-input"><float_array id="mixamorig_Spine1-Matrix-animation-input-array" count="27">

0.000000 0.033333 0.066667 0.100000 0.133333 0.166667 0.200000 0.233333 0.266667 0.300000 0.333333 0.366667 0.400000 0.433333 0.466667 0.500000
0.533333 0.566667 0.600000 0.633333 0.666667 0.700000 0.733333 0.766667 0.800000 0.833333 0.866667</float_array><technique_common><accessor source="#mixamorig_Spine1-Matrix-animation-input-array" count="27"><param name="TIME" type="float"/></accessor></technique_common></source><source id="mixamorig_Spine1-Matrix-animation-output-transform"><float_array id="mixamorig_Spine1-Matrix-animation-output-transform-array" count="432">

0.996790 0.020930 -0.077277 -0.000000 -0.025316 0.998097 -0.056226 0.101300 0.075954 0.058002 0.995423 0.000000 0.000000 0.000000 0.000000 1.000000
0.996187 0.012422 -0.086351 -0.000000 -0.017538 0.998119 -0.058738 0.101300 0.085459 0.060029 0.994532 0.000000 0.000000 0.000000 0.000000 1.000000
0.995895 0.004614 -0.090396 0.000000 -0.010113 0.998119 -0.060471 0.101300 0.089947 0.061137 0.994068 0.000000 0.000000 0.000000 0.000000 1.000000
0.996472 -0.001246 -0.083919 -0.000000 -0.003926 0.998103 -0.061435 0.101300 0.083836 0.061548 0.994577 0.000000 0.000000 0.000000 0.000000 1.000000
0.997196 -0.003282 -0.074760 0.000000 -0.001470 0.997986 -0.063424 0.101300 0.074818 0.063356 0.995183 -0.000000 0.000000 0.000000 0.000000 1.000000
0.997721 -0.000589 -0.067466 0.000000 -0.003763 0.997919 -0.064365 0.101300 0.067363 0.064473 0.995643 -0.000000 0.000000 0.000000 0.000000 1.000000
0.998106 0.005233 -0.061295 0.000000 -0.009105 0.997969 -0.063055 0.101300 0.060840 0.063494 0.996126 -0.000000 0.000000 0.000000 0.000000 1.000000
0.998632 0.012321 -0.050826 0.000000 -0.015346 0.998107 -0.059555 0.101300 0.049996 0.060254 0.996930 0.000000 0.000000 0.000000 0.000000 1.000000
0.999286 0.020240 -0.031916 -0.000000 -0.021941 0.998307 -0.053863 0.101300 0.030772 0.054525 0.998038 0.000000 0.000000 0.000000 0.000000 1.000000
0.999564 0.028487 -0.007713 0.000000 -0.028816 0.998497 -0.046609 0.101300 0.006374 0.046811 0.998883 0.000000 0.000000 0.000000 0.000000 1.000000
0.999292 0.035157 0.013366 -0.000000 -0.034599 0.998604 -0.039911 0.101300 -0.014751 0.039420 0.999114 0.000000 0.000000 0.000000 0.000000 1.000000
0.998911 0.038492 0.026375 -0.000000 -0.037542 0.998660 -0.035634 0.101300 -0.027712 0.034605 0.999017 0.000000 0.000000 0.000000 0.000000 1.000000
0.998630 0.039625 0.034179 -0.000000 -0.038469 0.998686 -0.033848 0.101300 -0.035476 0.032487 0.998842 0.000000 0.000000 0.000000 0.000000 1.000000
0.998238 0.042179 0.041726 0.000000 -0.040798 0.998608 -0.033421 0.101300 -0.043078 0.031660 0.998570 0.000000 0.000000 0.000000 0.000000 1.000000
0.997577 0.049755 0.048628 0.000000 -0.048145 0.998271 -0.033728 0.101300 -0.050222 0.031305 0.998247 0.000000 0.000000 0.000000 0.000000 1.000000
0.996726 0.063204 0.050422 0.000000 -0.061465 0.997484 -0.035311 0.101300 -0.052527 0.032096 0.998104 -0.000000 0.000000 0.000000 0.000000 1.000000
0.995769 0.079577 0.045953 -0.000000 -0.077821 0.996212 -0.038812 0.101300 -0.048867 0.035072 0.998189 0.000000 0.000000 0.000000 0.000000 1.000000
0.994933 0.092368 0.039712 0.000000 -0.090670 0.994969 -0.042611 0.101300 -0.043449 0.038795 0.998302 -0.000000 0.000000 0.000000 0.000000 1.000000
0.994699 0.096375 0.035859 0.000000 -0.094760 0.994515 -0.044283 0.101300 -0.039930 0.040650 0.998375 -0.000000 0.000000 0.000000 0.000000 1.000000
0.995225 0.091922 0.032829 0.000000 -0.090454 0.994942 -0.043688 0.101300 -0.036678 0.040510 0.998506 0.000000 0.000000 0.000000 0.000000 1.000000
0.996208 0.083187 0.025490 0.000000 -0.082051 0.995709 -0.042794 0.101300 -0.028941 0.040540 0.998759 -0.000000 0.000000 0.000000 0.000000 1.000000
0.997260 0.073141 0.011079 0.000000 -0.072609 0.996451 -0.042572 0.101300 -0.014153 0.041651 0.999032 -0.000000 0.000000 0.000000 0.000000 1.000000
0.998016 0.062389 -0.008490 -0.000000 -0.062697 0.997112 -0.042864 0.101300 0.005791 0.043312 0.999045 0.000000 0.000000 0.000000 0.000000 1.000000
0.998260 0.051082 -0.029464 -0.000000 -0.052368 0.997628 -0.044685 0.101300 0.027111 0.046150 0.998567 0.000000 0.000000 0.000000 0.000000 1.000000
0.997966 0.039791 -0.049798 -0.000000 -0.042248 0.997891 -0.049288 0.101300 0.047732 0.051292 0.997542 0.000000 0.000000 0.000000 0.000000 1.000000
0.997465 0.030101 -0.064472 -0.000000 -0.033545 0.998030 -0.053021 0.101300 0.062749 0.055049 0.996510 0.000000 0.000000 0.000000 0.000000 1.000000
0.996790 0.020930 -0.077277 0.000000 -0.025316 0.998097 -0.056226 0.101300 0.075954 0.058002 0.995423 0.000000 0.000000 0.000000 0.000000 1.000000</float_array><technique_common><accessor source="#mixamorig_Spine1-Matrix-animation-output-transform-array" count="27" stride="16"><param type="float4x4"/></accessor></technique_common></source><source id="mixamorig_Spine1-Interpolations"><Name_array id="mixamorig_Spine1-Interpolations-array" count="27">
 LINEAR LINEAR LINEAR LINEAR LINEAR LINEAR LINEAR LINEAR LINEAR LINEAR LINEAR
LINEAR LINEAR LINEAR LINEAR LINEAR LINEAR LINEAR LINEAR LINEAR LINEAR LINEAR LINEAR
LINEAR LINEAR LINEAR LINEAR</Name_array><technique_common><accessor source="#mixamorig_Spine1-Interpolations-array" count="27"><param type="name"/></accessor></technique_common></source><sampler id="mixamorig_Spine1-Matrix-animation-transform"><input semantic="INPUT" source="#mixamorig_Spine1-Matrix-animation-input"/><input semantic="OUTPUT" source="#mixamorig_Spine1-Matrix-animation-output-transform"/><input semantic="INTERPOLATION" source="#mixamorig_Spine1-Interpolations"/></sampler><channel source="#mixamorig_Spine1-Matrix-animation-transform" target="mixamorig_Spine1/matrix"/></animation>
    <animation id="mixamorig_Spine2-anim" name="mixamorig_Spine2"><source id="mixamorig_Spine2-Matrix-animation-input"><float_array id="mixamorig_Spine2-Matrix-animation-input-array" count="27">

0.000000 0.033333 0.066667 0.100000 0.133333 0.166667 0.200000 0.233333 0.266667 0.300000 0.333333 0.366667 0.400000 0.433333 0.466667 0.500000
0.533333 0.566667 0.600000 0.633333 0.666667 0.700000 0.733333 0.766667 0.800000 0.833333 0.866667</float_array><technique_common><accessor source="#mixamorig_Spine2-Matrix-animation-input-array" count="27"><param name="TIME" type="float"/></accessor></technique_common></source><source id="mixamorig_Spine2-Matrix-animation-output-transform"><float_array id="mixamorig_Spine2-Matrix-animation-output-transform-array" count="432">

0.996790 0.021019 -0.077251 0.000000 -0.025408 0.998091 -0.056285 0.115800 0.075920 0.058068 0.995422 0.000000 0.000000 0.000000 0.000000 1.000000
0.996193 0.012534 -0.086272 -0.000000 -0.017654 0.998111 -0.058850 0.115800 0.085372 0.060149 0.994532 -0.000000 0.000000 0.000000 0.000000 1.000000
0.995903 0.004688 -0.090303 0.000000 -0.010192 0.998111 -0.060592 0.115800 0.089849 0.061264 0.994069 0.000000 0.000000 0.000000 0.000000 1.000000
0.996474 -0.001326 -0.083895 0.000000 -0.003847 0.998102 -0.061469 0.115800 0.083817 0.061575 0.994577 0.000000 0.000000 0.000000 0.000000 1.000000
0.997193 -0.003447 -0.074797 0.000000 -0.001304 0.997989 -0.063379 0.115800 0.074865 0.063299 0.995183 0.000000 0.000000 0.000000 0.000000 1.000000
0.997717 -0.000719 -0.067522 -0.000000 -0.003633 0.997924 -0.064307 0.115800 0.067428 0.064406 0.995643 -0.000000 0.000000 0.000000 0.000000 1.000000
0.998104 0.005186 -0.061328 0.000000 -0.009058 0.997970 -0.063032 0.115800 0.060877 0.063468 0.996125 0.000000 0.000000 0.000000 0.000000 1.000000
0.998634 0.012333 -0.050783 0.000000 -0.015357 0.998105 -0.059589 0.115800 0.049952 0.060287 0.996930 -0.000000 0.000000 0.000000 0.000000 1.000000
0.999290 0.020260 -0.031770 0.000000 -0.021954 0.998303 -0.053934 0.115800 0.030624 0.054593 0.998039 0.000000 0.000000 0.000000 0.000000 1.000000
0.999566 0.028490 -0.007499 -0.000000 -0.028809 0.998496 -0.046645 0.115800 0.006159 0.046840 0.998883 -0.000000 0.000000 0.000000 0.000000 1.000000
0.999289 0.035188 0.013565 0.000000 -0.034623 0.998607 -0.039827 0.115800 -0.014947 0.039329 0.999115 0.000000 0.000000 0.000000 0.000000 1.000000
0.998902 0.038631 0.026493 0.000000 -0.037683 0.998662 -0.035403 0.115800 -0.027825 0.034366 0.999022 0.000000 0.000000 0.000000 0.000000 1.000000
0.998619 0.039877 0.034208 -0.000000 -0.038731 0.998687 -0.033527 0.115800 -0.035500 0.032156 0.998852 0.000000 0.000000 0.000000 0.000000 1.000000
0.998228 0.042449 0.041704 -0.000000 -0.041081 0.998607 -0.033118 0.115800 -0.043052 0.031346 0.998581 0.000000 0.000000 0.000000 0.000000 1.000000
0.997569 0.049959 0.048578 0.000000 -0.048362 0.998268 -0.033509 0.115800 -0.050168 0.031078 0.998257 0.000000 0.000000 0.000000 0.000000 1.000000
0.996721 0.063360 0.050322 0.000000 -0.061633 0.997480 -0.035157 0.115800 -0.052422 0.031940 0.998114 -0.000000 0.000000 0.000000 0.000000 1.000000
0.995765 0.079717 0.045790 0.000000 -0.077973 0.996204 -0.038696 0.115800 -0.048701 0.034962 0.998201 0.000000 0.000000 0.000000 0.000000 1.000000
0.994930 0.092474 0.039529 -0.000000 -0.090786 0.994961 -0.042547 0.115800 -0.043264 0.038743 0.998312 0.000000 0.000000 0.000000 0.000000 1.000000
0.994699 0.096423 0.035720 -0.000000 -0.094814 0.994509 -0.044288 0.115800 -0.039794 0.040666 0.998380 -0.000000 0.000000 0.000000 0.000000 1.000000
0.995227 0.091928 0.032751 -0.000000 -0.090462 0.994939 -0.043737 0.115800 -0.036606 0.040566 0.998506 0.000000 0.000000 0.000000 0.000000 1.000000
0.996210 0.083179 0.025428 0.000000 -0.082043 0.995707 -0.042846 0.115800 -0.028883 0.040597 0.998758 0.000000 0.000000 0.000000 0.000000 1.000000
0.997262 0.073133 0.010981 0.000000 -0.072604 0.996451 -0.042593 0.115800 -0.014057 0.041679 0.999032 0.000000 0.000000 0.000000 0.000000 1.000000
0.998015 0.062382 -0.008627 0.000000 -0.062696 0.997113 -0.042838 0.115800 0.005930 0.043294 0.999045 0.000000 0.000000 0.000000 0.000000 1.000000
0.998256 0.051076 -0.029603 0.000000 -0.052367 0.997630 -0.044626 0.115800 0.027254 0.046099 0.998565 0.000000 0.000000 0.000000 0.000000 1.000000
0.997961 0.039791 -0.049903 0.000000 -0.042250 0.997894 -0.049228 0.115800 0.047839 0.051236 0.997540 -0.000000 0.000000 0.000000 0.000000 1.000000
0.997461 0.030140 -0.064515 0.000000 -0.033586 0.998029 -0.053013 0.115800 0.062790 0.055045 0.996508 -0.000000 0.000000 0.000000 0.000000 1.000000
0.996790 0.021019 -0.077251 -0.000000 -0.025408 0.998091 -0.056285 0.115800 0.075920 0.058068 0.995422 -0.000000 0.000000 0.000000 0.000000 1.000000</float_array><technique_common><accessor source="#mixamorig_Spine2-Matrix-animation-output-transform-array" count="27" stride="16"><param type="float4x4"/></accessor></technique_common></source><source id="mixamorig_Spine2-Interpolations"><Name_array id="mixamorig_Spine2-Interpolations-array" count="27">
 LINEAR LINEAR LINEAR LINEAR LINEAR LINEAR LINEAR LINEAR LINEAR LINEAR LINEAR
LINEAR LINEAR LINEAR LINEAR LINEAR LINEAR LINEAR LINEAR LINEAR LINEAR LINEAR LINEAR
LINEAR LINEAR LINEAR LINEAR</Name_array><technique_common><accessor source="#mixamorig_Spine2-Interpolations-array" count="27"><param type="name"/></accessor></technique_common></source><sampler id="mixamorig_Spine2-Matrix-animation-transform"><input semantic="INPUT" source="#mixamorig_Spine2-Matrix-animation-input"/><input semantic="OUTPUT" source="#mixamorig_Spine2-Matrix-animation-output-transform"/><input semantic="INTERPOLATION" source="#mixamorig_Spine2-Interpolations"/></sampler><channel source="#mixamorig_Spine2-Matrix-animation-transform" target="mixamorig_Spine2/matrix"/></animation>
    <animation id="mixamorig_Neck-anim" name="mixamorig_Neck"><source id="mixamorig_Neck-Matrix-animation-input"><float_array id="mixamorig_Neck-Matrix-animation-input-array" count="27">

0.000000 0.033333 0.066667 0.100000 0.133333 0.166667 0.200000 0.233333 0.266667 0.300000 0.333333 0.366667 0.400000 0.433333 0.466667 0.500000
0.533333 0.566667 0.600000 0.633333 0.666667 0.700000 0.733333 0.766667 0.800000 0.833333 0.866667</float_array><technique_common><accessor source="#mixamorig_Neck-Matrix-animation-input-array" count="27"><param name="TIME" type="float"/></accessor></technique_common></source><source id="mixamorig_Neck-Matrix-animation-output-transform"><float_array id="mixamorig_Neck-Matrix-animation-output-transform-array" count="432">

0.999952 0.003254 0.009255 0.000000 -0.003165 0.999948 -0.009671 0.130300 -0.009286 0.009642 0.999910 0.000000 0.000000 0.000000 0.000000 1.000000
0.999918 0.006404 0.011112 -0.000000 -0.006330 0.999958 -0.006688 0.130300 -0.011154 0.006617 0.999916 0.000000 0.000000 0.000000 0.000000 1.000000
0.999884 0.008148 0.012851 -0.000000 -0.008100 0.999960 -0.003751 0.130300 -0.012881 0.003646 0.999910 0.000000 0.000000 0.000000 0.000000 1.000000
0.999885 0.006172 0.013853 0.000000 -0.006156 0.999980 -0.001208 0.130300 -0.013860 0.001123 0.999903 0.000000 0.000000 0.000000 0.000000 1.000000
0.999913 0.002317 0.012951 0.000000 -0.002316 0.999997 -0.000080 0.130300 -0.012951 0.000050 0.999916 -0.000000 0.000000 0.000000 0.000000 1.000000
0.999945 0.000376 0.010493 0.000000 -0.000372 1.000000 -0.000400 0.130300 -0.010493 0.000396 0.999945 -0.000000 0.000000 0.000000 0.000000 1.000000
0.999969 0.001977 0.007681 -0.000000 -0.001966 0.999997 -0.001479 0.130300 -0.007684 0.001464 0.999969 -0.000000 0.000000 0.000000 0.000000 1.000000
0.999971 0.005327 0.005366 -0.000000 -0.005313 0.999982 -0.002629 0.130300 -0.005380 0.002601 0.999982 0.000000 0.000000 0.000000 0.000000 1.000000
0.999964 0.007615 0.003631 0.000000 -0.007603 0.999966 -0.003298 0.130300 -0.003656 0.003271 0.999988 0.000000 0.000000 0.000000 0.000000 1.000000
0.999967 0.007795 0.002344 0.000000 -0.007788 0.999965 -0.003211 0.130300 -0.002369 0.003192 0.999992 0.000000 0.000000 0.000000 0.000000 1.000000
0.999980 0.006238 0.001371 0.000000 -0.006234 0.999976 -0.002955 0.130300 -0.001390 0.002946 0.999995 -0.000000 0.000000 0.000000 0.000000 1.000000
0.999995 0.003035 0.000370 0.000000 -0.003034 0.999988 -0.003750 0.130300 -0.000381 0.003749 0.999993 0.000000 0.000000 0.000000 0.000000 1.000000
0.999998 -0.001942 -0.000953 -0.000000 0.001936 0.999980 -0.005948 0.130300 0.000965 0.005946 0.999982 -0.000000 0.000000 0.000000 0.000000 1.000000
0.999966 -0.007920 -0.002356 -0.000000 0.007900 0.999934 -0.008302 0.130300 0.002421 0.008284 0.999963 0.000000 0.000000 0.000000 0.000000 1.000000
0.999908 -0.013139 -0.003311 0.000000 0.013107 0.999869 -0.009489 0.130300 0.003435 0.009444 0.999950 0.000000 0.000000 0.000000 0.000000 1.000000
0.999868 -0.015870 -0.003611 0.000000 0.015833 0.999825 -0.009920 0.130300 0.003768 0.009861 0.999944 -0.000000 0.000000 0.000000 0.000000 1.000000
0.999876 -0.015415 -0.003296 0.000000 0.015377 0.999820 -0.011135 0.130300 0.003467 0.011083 0.999933 0.000000 0.000000 0.000000 0.000000 1.000000
0.999919 -0.012541 -0.002250 -0.000000 0.012509 0.999830 -0.013545 0.130300 0.002420 0.013516 0.999906 0.000000 0.000000 0.000000 0.000000 1.000000
0.999957 -0.009215 -0.000455 0.000000 0.009207 0.999830 -0.015949 0.130300 0.000602 0.015944 0.999873 0.000000 0.000000 0.000000 0.000000 1.000000
0.999971 -0.007448 0.001544 0.000000 0.007474 0.999820 -0.017454 0.130300 -0.001413 0.017465 0.999846 0.000000 0.000000 0.000000 0.000000 1.000000
0.999965 -0.007764 0.002954 -0.000000 0.007818 0.999797 -0.018559 0.130300 -0.002809 0.018581 0.999823 0.000000 0.000000 0.000000 0.000000 1.000000
0.999955 -0.008852 0.003513 0.000000 0.008920 0.999766 -0.019715 0.130300 -0.003338 0.019745 0.999799 0.000000 0.000000 0.000000 0.000000 1.000000
0.999953 -0.008927 0.003713 0.000000 0.008999 0.999758 -0.020088 0.130300 -0.003533 0.020120 0.999791 0.000000 0.000000 0.000000 0.000000 1.000000
0.999965 -0.007241 0.004303 0.000000 0.007320 0.999799 -0.018685 0.130300 -0.004167 0.018716 0.999816 0.000000 0.000000 0.000000 0.000000 1.000000
0.999975 -0.004283 0.005601 0.000000 0.004371 0.999866 -0.015772 0.130300 -0.005532 0.015796 0.999860 0.000000 0.000000 0.000000 0.000000 1.000000
0.999973 -0.000592 0.007378 -0.000000 0.000686 0.999919 -0.012703 0.130300 -0.007370 0.012708 0.999892 -0.000000 0.000000 0.000000 0.000000 1.000000
0.999952 0.003254 0.009255 -0.000000 -0.003165 0.999948 -0.009671 0.130300 -0.009286 0.009642 0.999910 0.000000 0.000000 0.000000 0.000000 1.000000</float_array><technique_common><accessor source="#mixamorig_Neck-Matrix-animation-output-transform-array" count="27" stride="16"><param type="float4x4"/></accessor></technique_common></source><source id="mixamorig_Neck-Interpolations"><Name_array id="mixamorig_Neck-Interpolations-array" count="27">
 LINEAR LINEAR LINEAR LINEAR LINEAR LINEAR LINEAR LINEAR LINEAR LINEAR LINEAR
LINEAR LINEAR LINEAR LINEAR LINEAR LINEAR LINEAR LINEAR LINEAR LINEAR LINEAR LINEAR
LINEAR LINEAR LINEAR LINEAR</Name_array><technique_common><accessor source="#mixamorig_Neck-Interpolations-array" count="27"><param type="name"/></accessor></technique_common></source><sampler id="mixamorig_Neck-Matrix-animation-transform"><input semantic="INPUT" source="#mixamorig_Neck-Matrix-animation-input"/><input semantic="OUTPUT" source="#mixamorig_Neck-Matrix-animation-output-transform"/><input semantic="INTERPOLATION" source="#mixamorig_Neck-Interpolations"/></sampler><channel source="#mixamorig_Neck-Matrix-animation-transform" target="mixamorig_Neck/matrix"/></animation>
    <animation id="mixamorig_Head-anim" name="mixamorig_Head"><source id="mixamorig_Head-Matrix-animation-input"><float_array id="mixamorig_Head-Matrix-animation-input-array" count="27">

0.000000 0.033333 0.066667 0.100000 0.133333 0.166667 0.200000 0.233333 0.266667 0.300000 0.333333 0.366667 0.400000 0.433333 0.466667 0.500000
0.533333 0.566667 0.600000 0.633333 0.666667 0.700000 0.733333 0.766667 0.800000 0.833333 0.866667</float_array><technique_common><accessor source="#mixamorig_Head-Matrix-animation-input-array" count="27"><param name="TIME" type="float"/></accessor></technique_common></source><source id="mixamorig_Head-Matrix-animation-output-transform"><float_array id="mixamorig_Head-Matrix-animation-output-transform-array" count="432">

0.999113 -0.005550 0.041738 0.000000 -0.001962 0.984058 0.177836 0.208300 -0.042060 -0.177760 0.983175 -0.009000 0.000000 0.000000 0.000000 1.000000
0.998654 0.006282 0.051479 -0.000000 -0.015620 0.982977 0.183065 0.208300 -0.049452 -0.183623 0.981752 -0.009000 0.000000 0.000000 0.000000 1.000000
0.997986 0.015713 0.061462 0.000000 -0.027060 0.981715 0.188422 0.208300 -0.057377 -0.189705 0.980163 -0.009000 0.000000 0.000000 0.000000 1.000000
0.997415 0.017885 0.069588 -0.000000 -0.031252 0.980097 0.196045 0.208300 -0.064697 -0.197713 0.978123 -0.009000 0.000000 0.000000 0.000000 1.000000
0.997737 0.009382 0.066578 0.000000 -0.022665 0.979193 0.201662 0.208300 -0.063300 -0.202715 0.977190 -0.009000 0.000000 0.000000 0.000000 1.000000
0.998680 -0.006489 0.050950 0.000000 -0.003656 0.980492 0.196523 0.208300 -0.051231 -0.196450 0.979175 -0.009000 0.000000 0.000000 0.000000 1.000000
0.999326 -0.021392 0.029846 0.000000 0.015620 0.983227 0.181716 0.208300 -0.033233 -0.181127 0.982898 -0.009000 0.000000 0.000000 0.000000 1.000000
0.999505 -0.029240 0.011645 -0.000000 0.026931 0.986038 0.164331 0.208300 -0.016287 -0.163936 0.986337 -0.009000 0.000000 0.000000 0.000000 1.000000
0.999551 -0.029962 -0.000003 0.000000 0.029619 0.988122 0.150788 0.208300 -0.004515 -0.150720 0.988566 -0.009000 0.000000 0.000000 0.000000 1.000000
0.999605 -0.027473 -0.005888 -0.000000 0.028039 0.988879 0.146058 0.208300 0.001810 -0.146165 0.989259 -0.009000 0.000000 0.000000 0.000000 1.000000
0.999626 -0.025993 -0.008541 0.000000 0.026992 0.987941 0.152463 0.208300 0.004475 -0.152636 0.988272 -0.009000 0.000000 0.000000 0.000000 1.000000
0.999575 -0.027212 -0.010420 0.000000 0.028559 0.985910 0.164822 0.208300 0.005788 -0.165050 0.986268 -0.009000 0.000000 0.000000 0.000000 1.000000
0.999469 -0.030111 -0.012489 0.000000 0.031812 0.984594 0.171936 0.208300 0.007120 -0.172242 0.985029 -0.009000 0.000000 0.000000 0.000000 1.000000
0.999320 -0.034119 -0.013987 0.000000 0.035982 0.985210 0.167528 0.208300 0.008065 -0.167918 0.985768 -0.009000 0.000000 0.000000 0.000000 1.000000
0.999040 -0.041222 -0.014818 0.000000 0.043043 0.986598 0.157390 0.208300 0.008131 -0.157877 0.987425 -0.009000 0.000000 0.000000 0.000000 1.000000
0.998476 -0.052596 -0.016704 0.000000 0.054530 0.986840 0.152229 0.208300 0.008478 -0.152908 0.988204 -0.009000 0.000000 0.000000 0.000000 1.000000
0.997756 -0.064024 -0.019619 0.000000 0.066297 0.985685 0.155015 0.208300 0.009413 -0.155968 0.987717 -0.009000 0.000000 0.000000 0.000000 1.000000
0.997471 -0.068356 -0.019463 -0.000000 0.070589 0.984705 0.159292 0.208300 0.008276 -0.160263 0.987040 -0.009000 0.000000 0.000000 0.000000 1.000000
0.997888 -0.063690 -0.012782 -0.000000 0.064911 0.985260 0.158273 0.208300 0.002513 -0.158768 0.987313 -0.009000 0.000000 0.000000 0.000000 1.000000
0.998429 -0.055992 -0.001941 -0.000000 0.055642 0.986951 0.151099 0.208300 -0.006544 -0.150970 0.988517 -0.009000 0.000000 0.000000 0.000000 1.000000
0.998614 -0.052139 0.007144 0.000000 0.050606 0.988642 0.141511 0.208300 -0.014441 -0.140953 0.989911 -0.009000 0.000000 0.000000 0.000000 1.000000
0.998544 -0.052759 0.011208 -0.000000 0.050778 0.989622 0.134426 0.208300 -0.018184 -0.133661 0.990860 -0.009000 0.000000 0.000000 0.000000 1.000000
0.998536 -0.052665 0.012323 0.000000 0.050538 0.989641 0.134378 0.208300 -0.019272 -0.133558 0.990854 -0.009000 0.000000 0.000000 0.000000 1.000000
0.998808 -0.046341 0.015326 0.000000 0.043661 0.988628 0.143902 0.208300 -0.021820 -0.143061 0.989473 -0.009000 0.000000 0.000000 0.000000 1.000000
0.999200 -0.032806 0.022873 -0.000000 0.028696 0.986487 0.161308 0.208300 -0.027855 -0.160523 0.986639 -0.009000 0.000000 0.000000 0.000000 1.000000
0.999302 -0.018953 0.032201 0.000000 0.013172 0.985166 0.171099 0.208300 -0.034966 -0.170556 0.984727 -0.009000 0.000000 0.000000 0.000000 1.000000
0.999113 -0.005550 0.041738 0.000000 -0.001962 0.984058 0.177836 0.208300 -0.042060 -0.177760 0.983175 -0.009000 0.000000 0.000000 0.000000 1.000000</float_array><technique_common><accessor source="#mixamorig_Head-Matrix-animation-output-transform-array" count="27" stride="16"><param type="float4x4"/></accessor></technique_common></source><source id="mixamorig_Head-Interpolations"><Name_array id="mixamorig_Head-Interpolations-array" count="27">
 LINEAR LINEAR LINEAR LINEAR LINEAR LINEAR LINEAR LINEAR LINEAR LINEAR LINEAR
LINEAR LINEAR LINEAR LINEAR LINEAR LINEAR LINEAR LINEAR LINEAR LINEAR LINEAR LINEAR
LINEAR LINEAR LINEAR LINEAR</Name_array><technique_common><accessor source="#mixamorig_Head-Interpolations-array" count="27"><param type="name"/></accessor></technique_common></source><sampler id="mixamorig_Head-Matrix-animation-transform"><input semantic="INPUT" source="#mixamorig_Head-Matrix-animation-input"/><input semantic="OUTPUT" source="#mixamorig_Head-Matrix-animation-output-transform"/><input semantic="INTERPOLATION" source="#mixamorig_Head-Interpolations"/></sampler><channel source="#mixamorig_Head-Matrix-animation-transform" target="mixamorig_Head/matrix"/></animation>
    <animation id="mixamorig_LeftShoulder-anim" name="mixamorig_LeftShoulder"><source id="mixamorig_LeftShoulder-Matrix-animation-input"><float_array id="mixamorig_LeftShoulder-Matrix-animation-input-array" count="27">

0.000000 0.033333 0.066667 0.100000 0.133333 0.166667 0.200000 0.233333 0.266667 0.300000 0.333333 0.366667 0.400000 0.433333 0.466667 0.500000
0.533333 0.566667 0.600000 0.633333 0.666667 0.700000 0.733333 0.766667 0.800000 0.833333 0.866667</float_array><technique_common><accessor source="#mixamorig_LeftShoulder-Matrix-animation-input-array" count="27"><param name="TIME" type="float"/></accessor></technique_common></source><source id="mixamorig_LeftShoulder-Matrix-animation-output-transform"><float_array id="mixamorig_LeftShoulder-Matrix-animation-output-transform-array" count="432">

0.116660 0.706224 -0.698311 0.016600 0.011329 -0.704013 -0.710097 0.119400 -0.993107 0.074929 -0.090131 0.000200 0.000000 0.000000 0.000000 1.000000
0.115347 0.704838 -0.699927 0.016600 0.011384 -0.705522 -0.708597 0.119400 -0.993260 0.073766 -0.089404 0.000200 0.000000 0.000000 0.000000 1.000000
0.113802 0.703907 -0.701117 0.016600 0.011421 -0.706581 -0.707540 0.119400 -0.993438 0.072512 -0.088450 0.000200 0.000000 0.000000 0.000000 1.000000
0.112379 0.703901 -0.701352 0.016600 0.011415 -0.706691 -0.707430 0.119400 -0.993600 0.071494 -0.087452 0.000200 0.000000 0.000000 0.000000 1.000000
0.112637 0.703631 -0.701581 0.016600 0.011426 -0.706945 -0.707176 0.119400 -0.993570 0.071638 -0.087668 0.000200 0.000000 0.000000 0.000000 1.000000
0.113228 0.702870 -0.702249 0.016600 0.011456 -0.707671 -0.706450 0.119400 -0.993503 0.071945 -0.088180 0.000200 0.000000 0.000000 0.000000 1.000000
0.111403 0.703064 -0.702346 0.016600 0.011441 -0.707606 -0.706515 0.119400 -0.993709 0.070673 -0.086873 0.000200 0.000000 0.000000 0.000000 1.000000
0.106301 0.705352 -0.700842 0.016600 0.011323 -0.705648 -0.708472 0.119400 -0.994270 0.067375 -0.082998 0.000200 0.000000 0.000000 0.000000 1.000000
0.100992 0.708304 -0.698646 0.016600 0.011147 -0.702998 -0.711105 0.119400 -0.994825 0.064028 -0.078893 0.000200 0.000000 0.000000 0.000000 1.000000
0.100006 0.709255 -0.697823 0.016600 0.011092 -0.702090 -0.712002 0.119400 -0.994925 0.063464 -0.078081 0.000200 0.000000 0.000000 0.000000 1.000000
0.104680 0.707847 -0.698566 0.016600 0.011200 -0.703220 -0.710884 0.119400 -0.994443 0.066592 -0.081541 0.000200 0.000000 0.000000 0.000000 1.000000
0.111834 0.706530 -0.698790 0.016600 0.011293 -0.704060 -0.710051 0.119400 -0.993663 0.071517 -0.086717 0.000200 0.000000 0.000000 0.000000 1.000000
0.116735 0.707474 -0.697032 0.016600 0.011274 -0.702729 -0.711369 0.119400 -0.993099 0.075183 -0.090009 0.000200 0.000000 0.000000 0.000000 1.000000
0.116851 0.710435 -0.693995 0.016600 0.011162 -0.699677 -0.714372 0.119400 -0.993087 0.075729 -0.089688 0.000200 0.000000 0.000000 0.000000 1.000000
0.113648 0.713656 -0.691216 0.016600 0.011000 -0.696585 -0.717390 0.119400 -0.993460 0.073926 -0.087016 0.000200 0.000000 0.000000 0.000000 1.000000
0.111151 0.715551 -0.689661 0.016600 0.010887 -0.694796 -0.719124 0.119400 -0.993744 0.072424 -0.085017 0.000200 0.000000 0.000000 0.000000 1.000000
0.111959 0.715352 -0.689737 0.016600 0.010904 -0.694943 -0.718982 0.119400 -0.993653 0.072975 -0.085606 0.000200 0.000000 0.000000 0.000000 1.000000
0.114651 0.713402 -0.691313 0.016600 0.011016 -0.696772 -0.717208 0.119400 -0.993345 0.074613 -0.087745 0.000200 0.000000 0.000000 0.000000 1.000000
0.115831 0.711403 -0.693173 0.016600 0.011107 -0.698755 -0.715275 0.119400 -0.993207 0.075152 -0.088839 0.000200 0.000000 0.000000 0.000000 1.000000
0.114373 0.711258 -0.693564 0.016600 0.011105 -0.699017 -0.715019 0.119400 -0.993376 0.074077 -0.087847 0.000200 0.000000 0.000000 0.000000 1.000000
0.112585 0.712877 -0.692193 0.016600 0.011022 -0.697475 -0.716524 0.119400 -0.993581 0.073041 -0.086382 0.000200 0.000000 0.000000 0.000000 1.000000
0.113038 0.714147 -0.690808 0.016600 0.010966 -0.696119 -0.717843 0.119400 -0.993530 0.073568 -0.086519 0.000200 0.000000 0.000000 0.000000 1.000000
0.115475 0.713544 -0.691029 0.016600 0.011014 -0.696560 -0.717414 0.119400 -0.993249 0.075233 -0.088295 0.000200 0.000000 0.000000 0.000000 1.000000
0.117678 0.711607 -0.692652 0.016600 0.011113 -0.698398 -0.715623 0.119400 -0.992990 0.076516 -0.090094 0.000200 0.000000 0.000000 0.000000 1.000000
0.118371 0.709612 -0.694579 0.016600 0.011200 -0.700406 -0.713657 0.119400 -0.992906 0.076697 -0.090855 0.000200 0.000000 0.000000 0.000000 1.000000
